 logg  teff   ZR    a(CHEOPS)
 logg  teff   ZR    b(CHEOPS)
 logg  Teff   ZR    mucri(Cheops) 
 logg  teff   ZR    xi(CHEOPS)
 3.00  2300.  0.0   0.49882
 3.00  2300.  0.0   0.39529
 3.00  2300.  0.0   0.08490
 3.00  2300.  0.0   0.02036
 3.50  2300.  0.0   0.54372
 3.50  2300.  0.0   0.33056
 3.50  2300.  0.0   0.06635
 3.50  2300.  0.0   0.01120
 4.00  2300.  0.0   0.56340
 4.00  2300.  0.0   0.30272
 4.00  2300.  0.0   0.05016
 4.00  2300.  0.0   0.00869
 4.50  2300.  0.0   0.57614
 4.50  2300.  0.0   0.27909
 4.50  2300.  0.0   0.03979
 4.50  2300.  0.0   0.00726
 5.00  2300.  0.0   0.59799
 5.00  2300.  0.0   0.25839
 5.00  2300.  0.0   0.02995
 5.00  2300.  0.0   0.00558
 5.50  2300.  0.0   0.54665
 5.50  2300.  0.0   0.27790
 5.50  2300.  0.0   0.02257
 5.50  2300.  0.0   0.01172
 6.00  2300.  0.0   0.51816
 6.00  2300.  0.0   0.30176
 6.00  2300.  0.0   0.01723
 6.00  2300.  0.0   0.01304
 3.00  2400.  0.0   0.44556
 3.00  2400.  0.0   0.44841
 3.00  2400.  0.0   0.08306
 3.00  2400.  0.0   0.03266
 3.50  2400.  0.0   0.50141
 3.50  2400.  0.0   0.38669
 3.50  2400.  0.0   0.06588
 3.50  2400.  0.0   0.01724
 4.00  2400.  0.0   0.55539
 4.00  2400.  0.0   0.32872
 4.00  2400.  0.0   0.04944
 4.00  2400.  0.0   0.00983
 4.50  2400.  0.0   0.57532
 4.50  2400.  0.0   0.30488
 4.50  2400.  0.0   0.03914
 4.50  2400.  0.0   0.00758
 5.00  2400.  0.0   0.57905
 5.00  2400.  0.0   0.29657
 5.00  2400.  0.0   0.02971
 5.00  2400.  0.0   0.00567
 5.50  2400.  0.0   0.57612
 5.50  2400.  0.0   0.29035
 5.50  2400.  0.0   0.02251
 5.50  2400.  0.0   0.00675
 6.00  2400.  0.0   0.54562
 6.00  2400.  0.0   0.30254
 6.00  2400.  0.0   0.01731
 6.00  2400.  0.0   0.00927
 3.00  2500.  0.0   0.41159
 3.00  2500.  0.0   0.44601
 3.00  2500.  0.0   0.09384
 3.00  2500.  0.0   0.02227
 3.50  2500.  0.0   0.44443
 3.50  2500.  0.0   0.43358
 3.50  2500.  0.0   0.06454
 3.50  2500.  0.0   0.02471
 4.00  2500.  0.0   0.50136
 4.00  2500.  0.0   0.38405
 4.00  2500.  0.0   0.04841
 4.00  2500.  0.0   0.01598
 4.50  2500.  0.0   0.54969
 4.50  2500.  0.0   0.33996
 4.50  2500.  0.0   0.03870
 4.50  2500.  0.0   0.01026
 5.00  2500.  0.0   0.58042
 5.00  2500.  0.0   0.31238
 5.00  2500.  0.0   0.02931
 5.00  2500.  0.0   0.00684
 5.50  2500.  0.0   0.55681
 5.50  2500.  0.0   0.32419
 5.50  2500.  0.0   0.02243
 5.50  2500.  0.0   0.00619
 6.00  2500.  0.0   0.54554
 6.00  2500.  0.0   0.31982
 6.00  2500.  0.0   0.01701
 6.00  2500.  0.0   0.00844
 3.00  2600.  0.0   0.37235
 3.00  2600.  0.0   0.46076
 3.00  2600.  0.0   0.09703
 3.00  2600.  0.0   0.02743
 3.50  2600.  0.0   0.40029
 3.50  2600.  0.0   0.44672
 3.50  2600.  0.0   0.07513
 3.50  2600.  0.0   0.02354
 4.00  2600.  0.0   0.43694
 4.00  2600.  0.0   0.43499
 4.00  2600.  0.0   0.04844
 4.00  2600.  0.0   0.02483
 4.50  2600.  0.0   0.49946
 4.50  2600.  0.0   0.38943
 4.50  2600.  0.0   0.03796
 4.50  2600.  0.0   0.01453
 5.00  2600.  0.0   0.53607
 5.00  2600.  0.0   0.36121
 5.00  2600.  0.0   0.02907
 5.00  2600.  0.0   0.01009
 5.50  2600.  0.0   0.56094
 5.50  2600.  0.0   0.33500
 5.50  2600.  0.0   0.02209
 5.50  2600.  0.0   0.00705
 6.00  2600.  0.0   0.57482
 6.00  2600.  0.0   0.31166
 6.00  2600.  0.0   0.01678
 6.00  2600.  0.0   0.00604
 3.00  2700.  0.0   0.35925
 3.00  2700.  0.0   0.45185
 3.00  2700.  0.0   0.10017
 3.00  2700.  0.0   0.02665
 3.50  2700.  0.0   0.36477
 3.50  2700.  0.0   0.45137
 3.50  2700.  0.0   0.07749
 3.50  2700.  0.0   0.02561
 4.00  2700.  0.0   0.39270
 4.00  2700.  0.0   0.44568
 4.00  2700.  0.0   0.05585
 4.00  2700.  0.0   0.02449
 4.50  2700.  0.0   0.43338
 4.50  2700.  0.0   0.42851
 4.50  2700.  0.0   0.04290
 4.50  2700.  0.0   0.02083
 5.00  2700.  0.0   0.48650
 5.00  2700.  0.0   0.39933
 5.00  2700.  0.0   0.02856
 5.00  2700.  0.0   0.01622
 5.50  2700.  0.0   0.52598
 5.50  2700.  0.0   0.36855
 5.50  2700.  0.0   0.02176
 5.50  2700.  0.0   0.01162
 6.00  2700.  0.0   0.54995
 6.00  2700.  0.0   0.34454
 6.00  2700.  0.0   0.01660
 6.00  2700.  0.0   0.00874
 3.00  2800.  0.0   0.35902
 3.00  2800.  0.0   0.44936
 3.00  2800.  0.0   0.10354
 3.00  2800.  0.0   0.03020
 3.50  2800.  0.0   0.34562
 3.50  2800.  0.0   0.44909
 3.50  2800.  0.0   0.08048
 3.50  2800.  0.0   0.02698
 4.00  2800.  0.0   0.35600
 4.00  2800.  0.0   0.45178
 4.00  2800.  0.0   0.05946
 4.00  2800.  0.0   0.02733
 4.50  2800.  0.0   0.38466
 4.50  2800.  0.0   0.44644
 4.50  2800.  0.0   0.04481
 4.50  2800.  0.0   0.02577
 5.00  2800.  0.0   0.42675
 5.00  2800.  0.0   0.43019
 5.00  2800.  0.0   0.03217
 5.00  2800.  0.0   0.02217
 5.50  2800.  0.0   0.46425
 5.50  2800.  0.0   0.41011
 5.50  2800.  0.0   0.02130
 5.50  2800.  0.0   0.01956
 3.00  2900.  0.0   0.38707
 3.00  2900.  0.0   0.42128
 3.00  2900.  0.0   0.10470
 3.00  2900.  0.0   0.02488
 3.50  2900.  0.0   0.34487
 3.50  2900.  0.0   0.43959
 3.50  2900.  0.0   0.08098
 3.50  2900.  0.0   0.02694
 4.00  2900.  0.0   0.33517
 4.00  2900.  0.0   0.44907
 4.00  2900.  0.0   0.05925
 4.00  2900.  0.0   0.02845
 4.50  2900.  0.0   0.34681
 4.50  2900.  0.0   0.45462
 4.50  2900.  0.0   0.04381
 4.50  2900.  0.0   0.02974
 5.00  2900.  0.0   0.37693
 5.00  2900.  0.0   0.44575
 5.00  2900.  0.0   0.03228
 5.00  2900.  0.0   0.02750
 5.50  2900.  0.0   0.41873
 5.50  2900.  0.0   0.42710
 5.50  2900.  0.0   0.02432
 5.50  2900.  0.0   0.02415
 6.00  2900.  0.0   0.45786
 6.00  2900.  0.0   0.40849
 6.00  2900.  0.0   0.01780
 6.00  2900.  0.0   0.01969
 3.00  3000.  0.0   0.43117
 3.00  3000.  0.0   0.38867
 3.00  3000.  0.0   0.10243
 3.00  3000.  0.0   0.02181
 3.50  3000.  0.0   0.36327
 3.50  3000.  0.0   0.42009
 3.50  3000.  0.0   0.07929
 3.50  3000.  0.0   0.02440
 4.00  3000.  0.0   0.32747
 4.00  3000.  0.0   0.44391
 4.00  3000.  0.0   0.05811
 4.00  3000.  0.0   0.02942
 4.50  3000.  0.0   0.32255
 4.50  3000.  0.0   0.45548
 4.50  3000.  0.0   0.04480
 4.50  3000.  0.0   0.03129
 5.50  3000.  0.0   0.37173
 5.50  3000.  0.0   0.44124
 5.50  3000.  0.0   0.02448
 5.50  3000.  0.0   0.02812
 6.00  3000.  0.0   0.40980
 6.00  3000.  0.0   0.42253
 6.00  3000.  0.0   0.01771
 6.00  3000.  0.0   0.02469
 3.00  3100.  0.0   0.49045
 3.00  3100.  0.0   0.35211
 3.00  3100.  0.0   0.10290
 3.00  3100.  0.0   0.02067
 3.50  3100.  0.0   0.39507
 3.50  3100.  0.0   0.40051
 3.50  3100.  0.0   0.07994
 3.50  3100.  0.0   0.02285
 4.00  3100.  0.0   0.33620
 4.00  3100.  0.0   0.43134
 4.00  3100.  0.0   0.05989
 4.00  3100.  0.0   0.02720
 4.50  3100.  0.0   0.31092
 4.50  3100.  0.0   0.44846
 4.50  3100.  0.0   0.04576
 4.50  3100.  0.0   0.02979
 5.00  3100.  0.0   0.30868
 5.00  3100.  0.0   0.45832
 5.00  3100.  0.0   0.03353
 5.00  3100.  0.0   0.03192
 5.50  3100.  0.0   0.32900
 5.50  3100.  0.0   0.45469
 5.50  3100.  0.0   0.02477
 5.50  3100.  0.0   0.03076
 6.00  3100.  0.0   0.36483
 6.00  3100.  0.0   0.43697
 6.00  3100.  0.0   0.01817
 6.00  3100.  0.0   0.02785
 3.00  3200.  0.0   0.57612
 3.00  3200.  0.0   0.28760
 3.00  3200.  0.0   0.10418
 3.00  3200.  0.0   0.01599
 3.50  3200.  0.0   0.43986
 3.50  3200.  0.0   0.37267
 3.50  3200.  0.0   0.08282
 3.50  3200.  0.0   0.02030
 4.00  3200.  0.0   0.35668
 4.00  3200.  0.0   0.41471
 4.00  3200.  0.0   0.06206
 4.00  3200.  0.0   0.02395
 4.50  3200.  0.0   0.30727
 4.50  3200.  0.0   0.44292
 4.50  3200.  0.0   0.04796
 4.50  3200.  0.0   0.02872
 5.00  3200.  0.0   0.28682
 5.00  3200.  0.0   0.45887
 5.00  3200.  0.0   0.03423
 5.00  3200.  0.0   0.03202
 5.50  3200.  0.0   0.29245
 5.50  3200.  0.0   0.46346
 5.50  3200.  0.0   0.02495
 5.50  3200.  0.0   0.03250
 6.00  3200.  0.0   0.31976
 6.00  3200.  0.0   0.45392
 6.00  3200.  0.0   0.01835
 6.00  3200.  0.0   0.03003
 3.00  3300.  0.0   0.64042
 3.00  3300.  0.0   0.21989
 3.00  3300.  0.0   0.10967
 3.00  3300.  0.0   0.01461
 3.50  3300.  0.0   0.49088
 3.50  3300.  0.0   0.32923
 3.50  3300.  0.0   0.08591
 3.50  3300.  0.0   0.01633
 4.00  3300.  0.0   0.38191
 4.00  3300.  0.0   0.39298
 4.00  3300.  0.0   0.06402
 4.00  3300.  0.0   0.02032
 4.50  3300.  0.0   0.31173
 4.50  3300.  0.0   0.43256
 4.50  3300.  0.0   0.04935
 4.50  3300.  0.0   0.02571
 5.00  3300.  0.0   0.27175
 5.00  3300.  0.0   0.45819
 5.00  3300.  0.0   0.03569
 5.00  3300.  0.0   0.03168
 5.50  3300.  0.0   0.26077
 5.50  3300.  0.0   0.46951
 5.50  3300.  0.0   0.02586
 5.50  3300.  0.0   0.03434
 6.00  3300.  0.0   0.27371
 6.00  3300.  0.0   0.46984
 6.00  3300.  0.0   0.01883
 6.00  3300.  0.0   0.03427
 3.00  3400.  0.0   0.65614
 3.00  3400.  0.0   0.17946
 3.00  3400.  0.0   0.11260
 3.00  3400.  0.0   0.01803
 3.50  3400.  0.0   0.52828
 3.50  3400.  0.0   0.28753
 3.50  3400.  0.0   0.08615
 3.50  3400.  0.0   0.01620
 4.00  3400.  0.0   0.40332
 4.00  3400.  0.0   0.37144
 4.00  3400.  0.0   0.06372
 4.00  3400.  0.0   0.01787
 4.50  3400.  0.0   0.31562
 4.50  3400.  0.0   0.42435
 4.50  3400.  0.0   0.04961
 4.50  3400.  0.0   0.02389
 5.00  3400.  0.0   0.26320
 5.00  3400.  0.0   0.45300
 5.00  3400.  0.0   0.03634
 5.00  3400.  0.0   0.02976
 5.50  3400.  0.0   0.23730
 5.50  3400.  0.0   0.47213
 5.50  3400.  0.0   0.02666
 5.50  3400.  0.0   0.03543
 6.00  3400.  0.0   0.23512
 6.00  3400.  0.0   0.48144
 6.00  3400.  0.0   0.01935
 6.00  3400.  0.0   0.03824
 3.00  3500.  0.0   0.70629
 3.00  3500.  0.0   0.11956
 3.00  3500.  0.0   0.11418
 3.00  3500.  0.0   0.01644
 3.50  3500.  0.0   0.55943
 3.50  3500.  0.0   0.23855
 3.50  3500.  0.0   0.08766
 3.50  3500.  0.0   0.01245
 4.00  3500.  0.0   0.41705
 4.00  3500.  0.0   0.34886
 4.00  3500.  0.0   0.06463
 4.00  3500.  0.0   0.01576
 4.50  3500.  0.0   0.31830
 4.50  3500.  0.0   0.41447
 4.50  3500.  0.0   0.04961
 4.50  3500.  0.0   0.02192
 5.00  3500.  0.0   0.25473
 5.00  3500.  0.0   0.45018
 5.00  3500.  0.0   0.03630
 5.00  3500.  0.0   0.02930
 5.50  3500.  0.0   0.22031
 5.50  3500.  0.0   0.47058
 5.50  3500.  0.0   0.02693
 5.50  3500.  0.0   0.03572
 6.00  3500.  0.0   0.20786
 6.00  3500.  0.0   0.48473
 6.00  3500.  0.0   0.01978
 6.00  3500.  0.0   0.04089
 3.00  3600.  0.0   0.76859
 3.00  3600.  0.0   0.03466
 3.00  3600.  0.0   0.11831
 3.00  3600.  0.0   0.00846
 3.50  3600.  0.0   0.59617
 3.50  3600.  0.0   0.19470
 3.50  3600.  0.0   0.08956
 3.50  3600.  0.0   0.01022
 4.00  3600.  0.0   0.43571
 4.00  3600.  0.0   0.32040
 4.00  3600.  0.0   0.06617
 4.00  3600.  0.0   0.01305
 4.50  3600.  0.0   0.32255
 4.50  3600.  0.0   0.39934
 4.50  3600.  0.0   0.05096
 4.50  3600.  0.0   0.01928
 5.00  3600.  0.0   0.25108
 5.00  3600.  0.0   0.44225
 5.00  3600.  0.0   0.03691
 5.00  3600.  0.0   0.02777
 5.50  3600.  0.0   0.20900
 5.50  3600.  0.0   0.46648
 5.50  3600.  0.0   0.02703
 5.50  3600.  0.0   0.03555
 6.00  3600.  0.0   0.18779
 6.00  3600.  0.0   0.48295
 6.00  3600.  0.0   0.02013
 6.00  3600.  0.0   0.04277
 3.00  3700.  0.0   0.78135
 3.00  3700.  0.0   0.02640
 3.00  3700.  0.0   0.11957
 3.00  3700.  0.0   0.00944
 3.50  3700.  0.0   0.64964
 3.50  3700.  0.0   0.13681
 3.50  3700.  0.0   0.09190
 3.50  3700.  0.0   0.00782
 4.00  3700.  0.0   0.46748
 4.00  3700.  0.0   0.28601
 4.00  3700.  0.0   0.06712
 4.00  3700.  0.0   0.01176
 4.50  3700.  0.0   0.33191
 4.50  3700.  0.0   0.38218
 4.50  3700.  0.0   0.05184
 4.50  3700.  0.0   0.01826
 5.00  3700.  0.0   0.25071
 5.00  3700.  0.0   0.43297
 5.00  3700.  0.0   0.03766
 5.00  3700.  0.0   0.02672
 5.50  3700.  0.0   0.20411
 5.50  3700.  0.0   0.45660
 5.50  3700.  0.0   0.02770
 5.50  3700.  0.0   0.03407
 6.00  3700.  0.0   0.17623
 6.00  3700.  0.0   0.47711
 6.00  3700.  0.0   0.02038
 6.00  3700.  0.0   0.04323
 3.00  3800.  0.0   0.78028
 3.00  3800.  0.0   0.02686
 3.00  3800.  0.0   0.12182
 3.00  3800.  0.0   0.00676
 3.50  3800.  0.0   0.69495
 3.50  3800.  0.0   0.09700
 3.50  3800.  0.0   0.09262
 3.50  3800.  0.0   0.00685
 4.00  3800.  0.0   0.52074
 4.00  3800.  0.0   0.23812
 4.00  3800.  0.0   0.06773
 4.00  3800.  0.0   0.00997
 4.50  3800.  0.0   0.35721
 4.50  3800.  0.0   0.35586
 4.50  3800.  0.0   0.05243
 4.50  3800.  0.0   0.01716
 5.00  3800.  0.0   0.25920
 5.00  3800.  0.0   0.41404
 5.00  3800.  0.0   0.03871
 5.00  3800.  0.0   0.02471
 5.50  3800.  0.0   0.20379
 5.50  3800.  0.0   0.44561
 5.50  3800.  0.0   0.02818
 5.50  3800.  0.0   0.03303
 6.00  3800.  0.0   0.17072
 6.00  3800.  0.0   0.46790
 6.00  3800.  0.0   0.02053
 6.00  3800.  0.0   0.04284
 3.00  3900.  0.0   0.76999
 3.00  3900.  0.0   0.03347
 3.00  3900.  0.0   0.12394
 3.00  3900.  0.0   0.00527
 3.50  3900.  0.0   0.74231
 3.50  3900.  0.0   0.04001
 3.50  3900.  0.0   0.09448
 3.50  3900.  0.0   0.00383
 4.00  3900.  0.0   0.57498
 4.00  3900.  0.0   0.18082
 4.00  3900.  0.0   0.06910
 4.00  3900.  0.0   0.00798
 4.50  3900.  0.0   0.40105
 4.50  3900.  0.0   0.31253
 4.50  3900.  0.0   0.05289
 4.50  3900.  0.0   0.01486
 5.00  3900.  0.0   0.28046
 5.00  3900.  0.0   0.39304
 5.00  3900.  0.0   0.03910
 5.00  3900.  0.0   0.02322
 5.50  3900.  0.0   0.21159
 5.50  3900.  0.0   0.42919
 5.50  3900.  0.0   0.02857
 5.50  3900.  0.0   0.03103
 6.00  3900.  0.0   0.17272
 6.00  3900.  0.0   0.45472
 6.00  3900.  0.0   0.02086
 6.00  3900.  0.0   0.04058
 3.00  4000.  0.0   0.75382
 3.00  4000.  0.0   0.05227
 3.00  4000.  0.0   0.12305
 3.00  4000.  0.0   0.00531
 3.50  4000.  0.0   0.74956
 3.50  4000.  0.0   0.03814
 3.50  4000.  0.0   0.09381
 3.50  4000.  0.0   0.00532
 4.00  4000.  0.0   0.63458
 4.00  4000.  0.0   0.12771
 4.00  4000.  0.0   0.06952
 4.00  4000.  0.0   0.00588
 4.50  4000.  0.0   0.46059
 4.50  4000.  0.0   0.26183
 4.50  4000.  0.0   0.05325
 4.50  4000.  0.0   0.01248
 5.00  4000.  0.0   0.31679
 5.00  4000.  0.0   0.35891
 5.00  4000.  0.0   0.03896
 5.00  4000.  0.0   0.02066
 5.50  4000.  0.0   0.22905
 5.50  4000.  0.0   0.41072
 5.50  4000.  0.0   0.02886
 5.50  4000.  0.0   0.02874
 6.00  4000.  0.0   0.18154
 6.00  4000.  0.0   0.43487
 6.00  4000.  0.0   0.02116
 6.00  4000.  0.0   0.03641
 3.00  4100.  0.0   0.73521
 3.00  4100.  0.0   0.07375
 3.00  4100.  0.0   0.12329
 3.00  4100.  0.0   0.00647
 3.50  4100.  0.0   0.73419
 3.50  4100.  0.0   0.05304
 3.50  4100.  0.0   0.09420
 3.50  4100.  0.0   0.00513
 4.00  4100.  0.0   0.68587
 4.00  4100.  0.0   0.08325
 4.00  4100.  0.0   0.06911
 4.00  4100.  0.0   0.00414
 4.50  4100.  0.0   0.53445
 4.50  4100.  0.0   0.20622
 4.50  4100.  0.0   0.05289
 4.50  4100.  0.0   0.00907
 5.00  4100.  0.0   0.37203
 5.00  4100.  0.0   0.31415
 5.00  4100.  0.0   0.03923
 5.00  4100.  0.0   0.01664
 5.50  4100.  0.0   0.25862
 5.50  4100.  0.0   0.38723
 5.50  4100.  0.0   0.02875
 5.50  4100.  0.0   0.02595
 6.00  4100.  0.0   0.19628
 6.00  4100.  0.0   0.41980
 6.00  4100.  0.0   0.02113
 6.00  4100.  0.0   0.03319
 3.00  4200.  0.0   0.72268
 3.00  4200.  0.0   0.08185
 3.00  4200.  0.0   0.12228
 3.00  4200.  0.0   0.00609
 3.50  4200.  0.0   0.71859
 3.50  4200.  0.0   0.06602
 3.50  4200.  0.0   0.09349
 3.50  4200.  0.0   0.00529
 4.00  4200.  0.0   0.71336
 4.00  4200.  0.0   0.05735
 4.00  4200.  0.0   0.06941
 4.00  4200.  0.0   0.00401
 4.50  4200.  0.0   0.59651
 4.50  4200.  0.0   0.14976
 4.50  4200.  0.0   0.05320
 4.50  4200.  0.0   0.00630
 5.00  4200.  0.0   0.43677
 5.00  4200.  0.0   0.26471
 5.00  4200.  0.0   0.03896
 5.00  4200.  0.0   0.01299
 5.50  4200.  0.0   0.30583
 5.50  4200.  0.0   0.34225
 5.50  4200.  0.0   0.02908
 5.50  4200.  0.0   0.01930
 6.00  4200.  0.0   0.21987
 6.00  4200.  0.0   0.39980
 6.00  4200.  0.0   0.02136
 6.00  4200.  0.0   0.02945
 3.00  4300.  0.0   0.71090
 3.00  4300.  0.0   0.08997
 3.00  4300.  0.0   0.12259
 3.00  4300.  0.0   0.00610
 3.50  4300.  0.0   0.70619
 3.50  4300.  0.0   0.07389
 3.50  4300.  0.0   0.09383
 3.50  4300.  0.0   0.00496
 4.00  4300.  0.0   0.70342
 4.00  4300.  0.0   0.06219
 4.00  4300.  0.0   0.06894
 4.00  4300.  0.0   0.00445
 4.50  4300.  0.0   0.64791
 4.50  4300.  0.0   0.11055
 4.50  4300.  0.0   0.05285
 4.50  4300.  0.0   0.00454
 5.00  4300.  0.0   0.50833
 5.00  4300.  0.0   0.21642
 5.00  4300.  0.0   0.03869
 5.00  4300.  0.0   0.00950
 5.50  4300.  0.0   0.35998
 5.50  4300.  0.0   0.31718
 5.50  4300.  0.0   0.02881
 5.50  4300.  0.0   0.01831
 6.00  4300.  0.0   0.25362
 6.00  4300.  0.0   0.37503
 6.00  4300.  0.0   0.02130
 6.00  4300.  0.0   0.02565
 3.00  4400.  0.0   0.69962
 3.00  4400.  0.0   0.09637
 3.00  4400.  0.0   0.12162
 3.00  4400.  0.0   0.00563
 3.50  4400.  0.0   0.69461
 3.50  4400.  0.0   0.08138
 3.50  4400.  0.0   0.09317
 3.50  4400.  0.0   0.00501
 4.00  4400.  0.0   0.69315
 4.00  4400.  0.0   0.06949
 4.00  4400.  0.0   0.06848
 4.00  4400.  0.0   0.00473
 4.50  4400.  0.0   0.67950
 4.50  4400.  0.0   0.07803
 4.50  4400.  0.0   0.05255
 4.50  4400.  0.0   0.00379
 5.00  4400.  0.0   0.57145
 5.00  4400.  0.0   0.15948
 5.00  4400.  0.0   0.03901
 5.00  4400.  0.0   0.00580
 5.50  4400.  0.0   0.42420
 5.50  4400.  0.0   0.26757
 5.50  4400.  0.0   0.02867
 5.50  4400.  0.0   0.01379
 6.00  4400.  0.0   0.29848
 6.00  4400.  0.0   0.35203
 6.00  4400.  0.0   0.02120
 6.00  4400.  0.0   0.02228
 3.00  4500.  0.0   0.68684
 3.00  4500.  0.0   0.10354
 3.00  4500.  0.0   0.12081
 3.00  4500.  0.0   0.00551
 3.50  4500.  0.0   0.68179
 3.50  4500.  0.0   0.09130
 3.50  4500.  0.0   0.09257
 3.50  4500.  0.0   0.00534
 4.00  4500.  0.0   0.68166
 4.00  4500.  0.0   0.07665
 4.00  4500.  0.0   0.06808
 4.00  4500.  0.0   0.00463
 4.50  4500.  0.0   0.67679
 4.50  4500.  0.0   0.07477
 4.50  4500.  0.0   0.05294
 4.50  4500.  0.0   0.00391
 5.00  4500.  0.0   0.61791
 5.00  4500.  0.0   0.12858
 5.00  4500.  0.0   0.03877
 5.00  4500.  0.0   0.00414
 5.50  4500.  0.0   0.48941
 5.50  4500.  0.0   0.22544
 5.50  4500.  0.0   0.02852
 5.50  4500.  0.0   0.00999
 6.00  4500.  0.0   0.35412
 6.00  4500.  0.0   0.31134
 6.00  4500.  0.0   0.02115
 6.00  4500.  0.0   0.01753
 3.00  4600.  0.0   0.66714
 3.00  4600.  0.0   0.12482
 3.00  4600.  0.0   0.11885
 3.00  4600.  0.0   0.00675
 3.50  4600.  0.0   0.67006
 3.50  4600.  0.0   0.09869
 3.50  4600.  0.0   0.09215
 3.50  4600.  0.0   0.00501
 4.00  4600.  0.0   0.66990
 4.00  4600.  0.0   0.08476
 4.00  4600.  0.0   0.06785
 4.00  4600.  0.0   0.00467
 4.50  4600.  0.0   0.66474
 4.50  4600.  0.0   0.08238
 4.50  4600.  0.0   0.05278
 4.50  4600.  0.0   0.00382
 5.00  4600.  0.0   0.64621
 5.00  4600.  0.0   0.10008
 5.00  4600.  0.0   0.03868
 5.00  4600.  0.0   0.00333
 5.50  4600.  0.0   0.54554
 5.50  4600.  0.0   0.18054
 5.50  4600.  0.0   0.02846
 5.50  4600.  0.0   0.00631
 6.00  4600.  0.0   0.41343
 6.00  4600.  0.0   0.27118
 6.00  4600.  0.0   0.02139
 6.00  4600.  0.0   0.01368
 3.00  4700.  0.0   0.65247
 3.00  4700.  0.0   0.13466
 3.00  4700.  0.0   0.11853
 3.00  4700.  0.0   0.00690
 3.50  4700.  0.0   0.65580
 3.50  4700.  0.0   0.11012
 3.50  4700.  0.0   0.09208
 3.50  4700.  0.0   0.00540
 4.00  4700.  0.0   0.65896
 4.00  4700.  0.0   0.09240
 4.00  4700.  0.0   0.06778
 4.00  4700.  0.0   0.00464
 4.50  4700.  0.0   0.65275
 4.50  4700.  0.0   0.09097
 4.50  4700.  0.0   0.05287
 4.50  4700.  0.0   0.00390
 5.00  4700.  0.0   0.64517
 5.00  4700.  0.0   0.09638
 5.00  4700.  0.0   0.03875
 5.00  4700.  0.0   0.00366
 5.50  4700.  0.0   0.58595
 5.50  4700.  0.0   0.15202
 5.50  4700.  0.0   0.02843
 5.50  4700.  0.0   0.00436
 6.00  4700.  0.0   0.46973
 6.00  4700.  0.0   0.23785
 6.00  4700.  0.0   0.02133
 6.00  4700.  0.0   0.00995
 3.00  4800.  0.0   0.63757
 3.00  4800.  0.0   0.14402
 3.00  4800.  0.0   0.11896
 3.00  4800.  0.0   0.00704
 3.50  4800.  0.0   0.64151
 3.50  4800.  0.0   0.12002
 3.50  4800.  0.0   0.09243
 3.50  4800.  0.0   0.00549
 4.00  4800.  0.0   0.64571
 4.00  4800.  0.0   0.10174
 4.00  4800.  0.0   0.06820
 4.00  4800.  0.0   0.00469
 4.50  4800.  0.0   0.63980
 4.50  4800.  0.0   0.10094
 4.50  4800.  0.0   0.05315
 4.50  4800.  0.0   0.00404
 5.00  4800.  0.0   0.63884
 5.00  4800.  0.0   0.09870
 5.00  4800.  0.0   0.03898
 5.00  4800.  0.0   0.00369
 5.50  4800.  0.0   0.61252
 5.50  4800.  0.0   0.12395
 5.50  4800.  0.0   0.02862
 5.50  4800.  0.0   0.00290
 6.00  4800.  0.0   0.51956
 6.00  4800.  0.0   0.19621
 6.00  4800.  0.0   0.02149
 6.00  4800.  0.0   0.00573
 3.00  4900.  0.0   0.62438
 3.00  4900.  0.0   0.15203
 3.00  4900.  0.0   0.11995
 3.00  4900.  0.0   0.00715
 3.50  4900.  0.0   0.62853
 3.50  4900.  0.0   0.12722
 3.50  4900.  0.0   0.09331
 3.50  4900.  0.0   0.00532
 4.00  4900.  0.0   0.63276
 4.00  4900.  0.0   0.10916
 4.00  4900.  0.0   0.06898
 4.00  4900.  0.0   0.00457
 4.50  4900.  0.0   0.62686
 4.50  4900.  0.0   0.11118
 4.50  4900.  0.0   0.05365
 4.50  4900.  0.0   0.00401
 5.00  4900.  0.0   0.62625
 5.00  4900.  0.0   0.10809
 5.00  4900.  0.0   0.03931
 5.00  4900.  0.0   0.00371
 5.50  4900.  0.0   0.61258
 5.50  4900.  0.0   0.12055
 5.50  4900.  0.0   0.02878
 5.50  4900.  0.0   0.00355
 6.00  4900.  0.0   0.54768
 6.00  4900.  0.0   0.18157
 6.00  4900.  0.0   0.02141
 6.00  4900.  0.0   0.00482
 3.00  5100.  0.0   0.60613
 3.00  5100.  0.0   0.15640
 3.00  5100.  0.0   0.13036
 3.00  5100.  0.0   0.00651
 3.50  5100.  0.0   0.60673
 3.50  5100.  0.0   0.13395
 3.50  5100.  0.0   0.10018
 3.50  5100.  0.0   0.00520
 4.00  5100.  0.0   0.59327
 4.00  5100.  0.0   0.13604
 4.00  5100.  0.0   0.07408
 4.00  5100.  0.0   0.00459
 4.50  5100.  0.0   0.59377
 4.50  5100.  0.0   0.12944
 4.50  5100.  0.0   0.05792
 4.50  5100.  0.0   0.00395
 5.00  5100.  0.0   0.59290
 5.00  5100.  0.0   0.12707
 5.00  5100.  0.0   0.04264
 5.00  5100.  0.0   0.00378
 5.50  5100.  0.0   0.59207
 5.50  5100.  0.0   0.12430
 5.50  5100.  0.0   0.03152
 5.50  5100.  0.0   0.00344
 6.00  5100.  0.0   0.56617
 6.00  5100.  0.0   0.14989
 6.00  5100.  0.0   0.02337
 6.00  5100.  0.0   0.00339
 3.00  5200.  0.0   0.60080
 3.00  5200.  0.0   0.15565
 3.00  5200.  0.0   0.13078
 3.00  5200.  0.0   0.00595
 3.50  5200.  0.0   0.59852
 3.50  5200.  0.0   0.13721
 3.50  5200.  0.0   0.10056
 3.50  5200.  0.0   0.00546
 4.00  5200.  0.0   0.58114
 4.00  5200.  0.0   0.14375
 4.00  5200.  0.0   0.07434
 4.00  5200.  0.0   0.00476
 4.50  5200.  0.0   0.58128
 4.50  5200.  0.0   0.13712
 4.50  5200.  0.0   0.05808
 4.50  5200.  0.0   0.00394
 5.00  5200.  0.0   0.57992
 5.00  5200.  0.0   0.13559
 5.00  5200.  0.0   0.04277
 5.00  5200.  0.0   0.00378
 5.50  5200.  0.0   0.57944
 5.50  5200.  0.0   0.13256
 5.50  5200.  0.0   0.03159
 5.50  5200.  0.0   0.00342
 6.00  5200.  0.0   0.55622
 6.00  5200.  0.0   0.15676
 6.00  5200.  0.0   0.02339
 6.00  5200.  0.0   0.00352
 3.00  5300.  0.0   0.59493
 3.00  5300.  0.0   0.15442
 3.00  5300.  0.0   0.13146
 3.00  5300.  0.0   0.00569
 3.50  5300.  0.0   0.57141
 3.50  5300.  0.0   0.16162
 3.50  5300.  0.0   0.10117
 3.50  5300.  0.0   0.00538
 4.00  5300.  0.0   0.56961
 4.00  5300.  0.0   0.15010
 4.00  5300.  0.0   0.07470
 4.00  5300.  0.0   0.00468
 4.50  5300.  0.0   0.56892
 4.50  5300.  0.0   0.14444
 4.50  5300.  0.0   0.05830
 4.50  5300.  0.0   0.00391
 5.00  5300.  0.0   0.56674
 5.00  5300.  0.0   0.14365
 5.00  5300.  0.0   0.04299
 5.00  5300.  0.0   0.00375
 5.50  5300.  0.0   0.55965
 5.50  5300.  0.0   0.15050
 5.50  5300.  0.0   0.03156
 5.50  5300.  0.0   0.00352
 6.00  5300.  0.0   0.54186
 6.00  5300.  0.0   0.16549
 6.00  5300.  0.0   0.02358
 6.00  5300.  0.0   0.00340
 3.00  5400.  0.0   0.58927
 3.00  5400.  0.0   0.15633
 3.00  5400.  0.0   0.13227
 3.00  5400.  0.0   0.00570
 3.50  5400.  0.0   0.56443
 3.50  5400.  0.0   0.16249
 3.50  5400.  0.0   0.10173
 3.50  5400.  0.0   0.00485
 4.00  5400.  0.0   0.56045
 4.00  5400.  0.0   0.15339
 4.00  5400.  0.0   0.07525
 4.00  5400.  0.0   0.00435
 4.50  5400.  0.0   0.55727
 4.50  5400.  0.0   0.15114
 4.50  5400.  0.0   0.05867
 4.50  5400.  0.0   0.00397
 5.00  5400.  0.0   0.55554
 5.00  5400.  0.0   0.14789
 5.00  5400.  0.0   0.04332
 5.00  5400.  0.0   0.00348
 5.50  5400.  0.0   0.53120
 5.50  5400.  0.0   0.17119
 5.50  5400.  0.0   0.03187
 5.50  5400.  0.0   0.00348
 6.00  5400.  0.0   0.52583
 6.00  5400.  0.0   0.17614
 6.00  5400.  0.0   0.02369
 6.00  5400.  0.0   0.00335
 3.00  5500.  0.0   0.57768
 3.00  5500.  0.0   0.16552
 3.00  5500.  0.0   0.13561
 3.00  5500.  0.0   0.00633
 3.50  5500.  0.0   0.55391
 3.50  5500.  0.0   0.17157
 3.50  5500.  0.0   0.10353
 3.50  5500.  0.0   0.00513
 4.00  5500.  0.0   0.54984
 4.00  5500.  0.0   0.16017
 4.00  5500.  0.0   0.07631
 4.00  5500.  0.0   0.00432
 4.50  5500.  0.0   0.54643
 4.50  5500.  0.0   0.15603
 4.50  5500.  0.0   0.05939
 4.50  5500.  0.0   0.00380
 5.00  5500.  0.0   0.54352
 5.00  5500.  0.0   0.15498
 5.00  5500.  0.0   0.04374
 5.00  5500.  0.0   0.00343
 5.50  5500.  0.0   0.51589
 5.50  5500.  0.0   0.18145
 5.50  5500.  0.0   0.03199
 5.50  5500.  0.0   0.00362
 6.00  5500.  0.0   0.51075
 6.00  5500.  0.0   0.18556
 6.00  5500.  0.0   0.02383
 6.00  5500.  0.0   0.00336
 3.00  5600.  0.0   0.55282
 3.00  5600.  0.0   0.19106
 3.00  5600.  0.0   0.13641
 3.00  5600.  0.0   0.00541
 3.50  5600.  0.0   0.54595
 3.50  5600.  0.0   0.17509
 3.50  5600.  0.0   0.10452
 3.50  5600.  0.0   0.00486
 4.00  5600.  0.0   0.53970
 4.00  5600.  0.0   0.16673
 4.00  5600.  0.0   0.07697
 4.00  5600.  0.0   0.00444
 4.50  5600.  0.0   0.53613
 4.50  5600.  0.0   0.16162
 4.50  5600.  0.0   0.05989
 4.50  5600.  0.0   0.00370
 5.00  5600.  0.0   0.50900
 5.00  5600.  0.0   0.18378
 5.00  5600.  0.0   0.04400
 5.00  5600.  0.0   0.00353
 5.50  5600.  0.0   0.50115
 5.50  5600.  0.0   0.18932
 5.50  5600.  0.0   0.03230
 5.50  5600.  0.0   0.00340
 6.00  5600.  0.0   0.49494
 6.00  5600.  0.0   0.19558
 6.00  5600.  0.0   0.02395
 6.00  5600.  0.0   0.00338
 3.00  5700.  0.0   0.54466
 3.00  5700.  0.0   0.19699
 3.00  5700.  0.0   0.13790
 3.00  5700.  0.0   0.00570
 3.50  5700.  0.0   0.53771
 3.50  5700.  0.0   0.18032
 3.50  5700.  0.0   0.10544
 3.50  5700.  0.0   0.00506
 4.00  5700.  0.0   0.53203
 4.00  5700.  0.0   0.16906
 4.00  5700.  0.0   0.07763
 4.00  5700.  0.0   0.00408
 4.50  5700.  0.0   0.52677
 4.50  5700.  0.0   0.16656
 4.50  5700.  0.0   0.06025
 4.50  5700.  0.0   0.00359
 5.00  5700.  0.0   0.49578
 5.00  5700.  0.0   0.19150
 5.00  5700.  0.0   0.04424
 5.00  5700.  0.0   0.00350
 5.50  5700.  0.0   0.48698
 5.50  5700.  0.0   0.19765
 5.50  5700.  0.0   0.03246
 5.50  5700.  0.0   0.00341
 6.00  5700.  0.0   0.48085
 6.00  5700.  0.0   0.20344
 6.00  5700.  0.0   0.02406
 6.00  5700.  0.0   0.00335
 3.00  5800.  0.0   0.53711
 3.00  5800.  0.0   0.20280
 3.00  5800.  0.0   0.13948
 3.00  5800.  0.0   0.00544
 3.50  5800.  0.0   0.53306
 3.50  5800.  0.0   0.18531
 3.50  5800.  0.0   0.10718
 3.50  5800.  0.0   0.00498
 4.00  5800.  0.0   0.52283
 4.00  5800.  0.0   0.17449
 4.00  5800.  0.0   0.07820
 4.00  5800.  0.0   0.00404
 4.50  5800.  0.0   0.49346
 4.50  5800.  0.0   0.19469
 4.50  5800.  0.0   0.06060
 4.50  5800.  0.0   0.00372
 5.00  5800.  0.0   0.48225
 5.00  5800.  0.0   0.19976
 5.00  5800.  0.0   0.04447
 5.00  5800.  0.0   0.00346
 5.50  5800.  0.0   0.47294
 5.50  5800.  0.0   0.20592
 5.50  5800.  0.0   0.03261
 5.50  5800.  0.0   0.00335
 6.00  5800.  0.0   0.46670
 6.00  5800.  0.0   0.21149
 6.00  5800.  0.0   0.02416
 6.00  5800.  0.0   0.00331
 3.00  5900.  0.0   0.52946
 3.00  5900.  0.0   0.20903
 3.00  5900.  0.0   0.14058
 3.00  5900.  0.0   0.00580
 3.50  5900.  0.0   0.52263
 3.50  5900.  0.0   0.18920
 3.50  5900.  0.0   0.10720
 3.50  5900.  0.0   0.00485
 4.00  5900.  0.0   0.51508
 4.00  5900.  0.0   0.17850
 4.00  5900.  0.0   0.07872
 4.00  5900.  0.0   0.00401
 4.50  5900.  0.0   0.48745
 4.50  5900.  0.0   0.19796
 4.50  5900.  0.0   0.06111
 4.50  5900.  0.0   0.00347
 5.00  5900.  0.0   0.46997
 5.00  5900.  0.0   0.20671
 5.00  5900.  0.0   0.04469
 5.00  5900.  0.0   0.00339
 5.50  5900.  0.0   0.46506
 5.50  5900.  0.0   0.20974
 5.50  5900.  0.0   0.03274
 5.50  5900.  0.0   0.00319
 6.00  5900.  0.0   0.45406
 6.00  5900.  0.0   0.21764
 6.00  5900.  0.0   0.02428
 6.00  5900.  0.0   0.00321
 3.00  6000.  0.0   0.52243
 3.00  6000.  0.0   0.21405
 3.00  6000.  0.0   0.14163
 3.00  6000.  0.0   0.00569
 3.50  6000.  0.0   0.51613
 3.50  6000.  0.0   0.19255
 3.50  6000.  0.0   0.10793
 3.50  6000.  0.0   0.00473
 4.00  6000.  0.0   0.50706
 4.00  6000.  0.0   0.18335
 4.00  6000.  0.0   0.07918
 4.00  6000.  0.0   0.00415
 4.50  6000.  0.0   0.47214
 4.50  6000.  0.0   0.20652
 4.50  6000.  0.0   0.06126
 4.50  6000.  0.0   0.00363
 5.00  6000.  0.0   0.45878
 5.00  6000.  0.0   0.21247
 5.00  6000.  0.0   0.04493
 5.00  6000.  0.0   0.00336
 5.50  6000.  0.0   0.44842
 5.50  6000.  0.0   0.21862
 5.50  6000.  0.0   0.03294
 5.50  6000.  0.0   0.00322
 6.00  6000.  0.0   0.44575
 6.00  6000.  0.0   0.22143
 6.00  6000.  0.0   0.02429
 6.00  6000.  0.0   0.00315
 3.00  6100.  0.0   0.51690
 3.00  6100.  0.0   0.21694
 3.00  6100.  0.0   0.14268
 3.00  6100.  0.0   0.00534
 3.50  6100.  0.0   0.51061
 3.50  6100.  0.0   0.19691
 3.50  6100.  0.0   0.10900
 3.50  6100.  0.0   0.00463
 4.00  6100.  0.0   0.50305
 4.00  6100.  0.0   0.18571
 4.00  6100.  0.0   0.07974
 4.00  6100.  0.0   0.00404
 4.50  6100.  0.0   0.46267
 4.50  6100.  0.0   0.21177
 4.50  6100.  0.0   0.06158
 4.50  6100.  0.0   0.00375
 5.00  6100.  0.0   0.45161
 5.00  6100.  0.0   0.21667
 5.00  6100.  0.0   0.04510
 5.00  6100.  0.0   0.00335
 5.50  6100.  0.0   0.43735
 5.50  6100.  0.0   0.22439
 5.50  6100.  0.0   0.03310
 5.50  6100.  0.0   0.00325
 6.00  6100.  0.0   0.41371
 6.00  6100.  0.0   0.24544
 6.00  6100.  0.0   0.02440
 6.00  6100.  0.0   0.00346
 3.00  6200.  0.0   0.50894
 3.00  6200.  0.0   0.22443
 3.00  6200.  0.0   0.14395
 3.00  6200.  0.0   0.00565
 3.50  6200.  0.0   0.50194
 3.50  6200.  0.0   0.20240
 3.50  6200.  0.0   0.10948
 3.50  6200.  0.0   0.00487
 4.00  6200.  0.0   0.49672
 4.00  6200.  0.0   0.18815
 4.00  6200.  0.0   0.08016
 4.00  6200.  0.0   0.00386
 4.50  6200.  0.0   0.45300
 4.50  6200.  0.0   0.21713
 4.50  6200.  0.0   0.06193
 4.50  6200.  0.0   0.00374
 5.00  6200.  0.0   0.44105
 5.00  6200.  0.0   0.22211
 5.00  6200.  0.0   0.04532
 5.00  6200.  0.0   0.00331
 5.50  6200.  0.0   0.40977
 5.50  6200.  0.0   0.24690
 5.50  6200.  0.0   0.03324
 5.50  6200.  0.0   0.00355
 6.00  6200.  0.0   0.39356
 6.00  6200.  0.0   0.25711
 6.00  6200.  0.0   0.02450
 6.00  6200.  0.0   0.00371
 3.00  6300.  0.0   0.50279
 3.00  6300.  0.0   0.22934
 3.00  6300.  0.0   0.14550
 3.00  6300.  0.0   0.00552
 3.50  6300.  0.0   0.49802
 3.50  6300.  0.0   0.20385
 3.50  6300.  0.0   0.11120
 3.50  6300.  0.0   0.00439
 4.00  6300.  0.0   0.48867
 4.00  6300.  0.0   0.19179
 4.00  6300.  0.0   0.08069
 4.00  6300.  0.0   0.00386
 4.50  6300.  0.0   0.44650
 4.50  6300.  0.0   0.22083
 4.50  6300.  0.0   0.06237
 4.50  6300.  0.0   0.00360
 5.00  6300.  0.0   0.42904
 5.00  6300.  0.0   0.22680
 5.00  6300.  0.0   0.04573
 5.00  6300.  0.0   0.00323
 5.50  6300.  0.0   0.39391
 5.50  6300.  0.0   0.25535
 5.50  6300.  0.0   0.03332
 5.50  6300.  0.0   0.00387
 6.00  6300.  0.0   0.37980
 6.00  6300.  0.0   0.26500
 6.00  6300.  0.0   0.02464
 6.00  6300.  0.0   0.00388
 3.00  6400.  0.0   0.49653
 3.00  6400.  0.0   0.23455
 3.00  6400.  0.0   0.14694
 3.00  6400.  0.0   0.00546
 3.50  6400.  0.0   0.49237
 3.50  6400.  0.0   0.20674
 3.50  6400.  0.0   0.11190
 3.50  6400.  0.0   0.00435
 4.00  6400.  0.0   0.48379
 4.00  6400.  0.0   0.19432
 4.00  6400.  0.0   0.08145
 4.00  6400.  0.0   0.00395
 4.50  6400.  0.0   0.43773
 4.50  6400.  0.0   0.22432
 4.50  6400.  0.0   0.06288
 4.50  6400.  0.0   0.00360
 5.00  6400.  0.0   0.42073
 5.00  6400.  0.0   0.23156
 5.00  6400.  0.0   0.04599
 5.00  6400.  0.0   0.00340
 5.50  6400.  0.0   0.38022
 5.50  6400.  0.0   0.26222
 5.50  6400.  0.0   0.03368
 5.50  6400.  0.0   0.00398
 6.00  6400.  0.0   0.36696
 6.00  6400.  0.0   0.27190
 6.00  6400.  0.0   0.02479
 6.00  6400.  0.0   0.00398
 3.00  6500.  0.0   0.48959
 3.00  6500.  0.0   0.24078
 3.00  6500.  0.0   0.14813
 3.00  6500.  0.0   0.00545
 3.50  6500.  0.0   0.48498
 3.50  6500.  0.0   0.21277
 3.50  6500.  0.0   0.11395
 3.50  6500.  0.0   0.00432
 4.00  6500.  0.0   0.47812
 4.00  6500.  0.0   0.19786
 4.00  6500.  0.0   0.08234
 4.00  6500.  0.0   0.00393
 4.50  6500.  0.0   0.43272
 4.50  6500.  0.0   0.22695
 4.50  6500.  0.0   0.06356
 4.50  6500.  0.0   0.00355
 5.00  6500.  0.0   0.41369
 5.00  6500.  0.0   0.23462
 5.00  6500.  0.0   0.04636
 5.00  6500.  0.0   0.00340
 5.50  6500.  0.0   0.37240
 5.50  6500.  0.0   0.26596
 5.50  6500.  0.0   0.03379
 5.50  6500.  0.0   0.00399
 6.00  6500.  0.0   0.35677
 6.00  6500.  0.0   0.27537
 6.00  6500.  0.0   0.02494
 6.00  6500.  0.0   0.00404
 3.00  6600.  0.0   0.48317
 3.00  6600.  0.0   0.24548
 3.00  6600.  0.0   0.14912
 3.00  6600.  0.0   0.00511
 3.50  6600.  0.0   0.47939
 3.50  6600.  0.0   0.21740
 3.50  6600.  0.0   0.11440
 3.50  6600.  0.0   0.00449
 4.00  6600.  0.0   0.47292
 4.00  6600.  0.0   0.20058
 4.00  6600.  0.0   0.08337
 4.00  6600.  0.0   0.00384
 4.50  6600.  0.0   0.42591
 4.50  6600.  0.0   0.23047
 4.50  6600.  0.0   0.06421
 4.50  6600.  0.0   0.00368
 5.00  6600.  0.0   0.40723
 5.00  6600.  0.0   0.23731
 5.00  6600.  0.0   0.04682
 5.00  6600.  0.0   0.00341
 5.50  6600.  0.0   0.36203
 5.50  6600.  0.0   0.27053
 5.50  6600.  0.0   0.03425
 5.50  6600.  0.0   0.00406
 6.00  6600.  0.0   0.34575
 6.00  6600.  0.0   0.28072
 6.00  6600.  0.0   0.02518
 6.00  6600.  0.0   0.00415
 3.00  6700.  0.0   0.47581
 3.00  6700.  0.0   0.25271
 3.00  6700.  0.0   0.14974
 3.00  6700.  0.0   0.00535
 3.50  6700.  0.0   0.47154
 3.50  6700.  0.0   0.22306
 3.50  6700.  0.0   0.11658
 3.50  6700.  0.0   0.00429
 4.00  6700.  0.0   0.46804
 4.00  6700.  0.0   0.20355
 4.00  6700.  0.0   0.08443
 4.00  6700.  0.0   0.00381
 4.50  6700.  0.0   0.41978
 4.50  6700.  0.0   0.23401
 4.50  6700.  0.0   0.06504
 4.50  6700.  0.0   0.00364
 5.00  6700.  0.0   0.40117
 5.00  6700.  0.0   0.23991
 5.00  6700.  0.0   0.04737
 5.00  6700.  0.0   0.00334
 5.50  6700.  0.0   0.35464
 5.50  6700.  0.0   0.27360
 5.50  6700.  0.0   0.03462
 5.50  6700.  0.0   0.00412
 6.00  6700.  0.0   0.33585
 6.00  6700.  0.0   0.28554
 6.00  6700.  0.0   0.02545
 6.00  6700.  0.0   0.00426
 3.00  6800.  0.0   0.46711
 3.00  6800.  0.0   0.25964
 3.00  6800.  0.0   0.14990
 3.00  6800.  0.0   0.00522
 3.50  6800.  0.0   0.46365
 3.50  6800.  0.0   0.22924
 3.50  6800.  0.0   0.11765
 3.50  6800.  0.0   0.00436
 4.00  6800.  0.0   0.46243
 4.00  6800.  0.0   0.20723
 4.00  6800.  0.0   0.08545
 4.00  6800.  0.0   0.00379
 4.50  6800.  0.0   0.41426
 4.50  6800.  0.0   0.23702
 4.50  6800.  0.0   0.06590
 4.50  6800.  0.0   0.00354
 5.00  6800.  0.0   0.39522
 5.00  6800.  0.0   0.24325
 5.00  6800.  0.0   0.04805
 5.00  6800.  0.0   0.00332
 5.50  6800.  0.0   0.34686
 5.50  6800.  0.0   0.27753
 5.50  6800.  0.0   0.03504
 5.50  6800.  0.0   0.00417
 6.00  6800.  0.0   0.32672
 6.00  6800.  0.0   0.28973
 6.00  6800.  0.0   0.02573
 6.00  6800.  0.0   0.00433
 3.00  6900.  0.0   0.45722
 3.00  6900.  0.0   0.26783
 3.00  6900.  0.0   0.15021
 3.00  6900.  0.0   0.00505
 3.50  6900.  0.0   0.45923
 3.50  6900.  0.0   0.23351
 3.50  6900.  0.0   0.11702
 3.50  6900.  0.0   0.00452
 4.00  6900.  0.0   0.45586
 4.00  6900.  0.0   0.21170
 4.00  6900.  0.0   0.08634
 4.00  6900.  0.0   0.00369
 4.50  6900.  0.0   0.40821
 4.50  6900.  0.0   0.24123
 4.50  6900.  0.0   0.06706
 4.50  6900.  0.0   0.00355
 5.00  6900.  0.0   0.38931
 5.00  6900.  0.0   0.24662
 5.00  6900.  0.0   0.04870
 5.00  6900.  0.0   0.00331
 5.50  6900.  0.0   0.34122
 5.50  6900.  0.0   0.27959
 5.50  6900.  0.0   0.03548
 5.50  6900.  0.0   0.00414
 6.00  6900.  0.0   0.31784
 6.00  6900.  0.0   0.29412
 6.00  6900.  0.0   0.02608
 6.00  6900.  0.0   0.00439
 3.00  7000.  0.0   0.44756
 3.00  7000.  0.0   0.27543
 3.00  7000.  0.0   0.15027
 3.00  7000.  0.0   0.00500
 3.50  7000.  0.0   0.45027
 3.50  7000.  0.0   0.24029
 3.50  7000.  0.0   0.11757
 3.50  7000.  0.0   0.00426
 4.00  7000.  0.0   0.44847
 4.00  7000.  0.0   0.21743
 4.00  7000.  0.0   0.08716
 4.00  7000.  0.0   0.00369
 4.50  7000.  0.0   0.40344
 4.50  7000.  0.0   0.24397
 4.50  7000.  0.0   0.06750
 4.50  7000.  0.0   0.00346
 5.00  7000.  0.0   0.38391
 5.00  7000.  0.0   0.24950
 5.00  7000.  0.0   0.04935
 5.00  7000.  0.0   0.00326
 5.50  7000.  0.0   0.33399
 5.50  7000.  0.0   0.28371
 5.50  7000.  0.0   0.03603
 5.50  7000.  0.0   0.00416
 6.00  7000.  0.0   0.30987
 6.00  7000.  0.0   0.29793
 6.00  7000.  0.0   0.02646
 6.00  7000.  0.0   0.00443
 3.00  7200.  0.0   0.42733
 3.00  7200.  0.0   0.29159
 3.00  7200.  0.0   0.15098
 3.00  7200.  0.0   0.00533
 3.50  7200.  0.0   0.43020
 3.50  7200.  0.0   0.25671
 3.50  7200.  0.0   0.11842
 3.50  7200.  0.0   0.00430
 4.00  7200.  0.0   0.43098
 4.00  7200.  0.0   0.23004
 4.00  7200.  0.0   0.08950
 4.00  7200.  0.0   0.00380
 4.50  7200.  0.0   0.39145
 4.50  7200.  0.0   0.25196
 4.50  7200.  0.0   0.06905
 4.50  7200.  0.0   0.00350
 5.00  7200.  0.0   0.37289
 5.00  7200.  0.0   0.25556
 5.00  7200.  0.0   0.05096
 5.00  7200.  0.0   0.00323
 5.50  7200.  0.0   0.32273
 5.50  7200.  0.0   0.28908
 5.50  7200.  0.0   0.03707
 5.50  7200.  0.0   0.00413
 6.00  7200.  0.0   0.29614
 6.00  7200.  0.0   0.30401
 6.00  7200.  0.0   0.02732
 6.00  7200.  0.0   0.00449
 3.00  7400.  0.0   0.41645
 3.00  7400.  0.0   0.29720
 3.00  7400.  0.0   0.15085
 3.00  7400.  0.0   0.00571
 3.50  7400.  0.0   0.41186
 3.50  7400.  0.0   0.27071
 3.50  7400.  0.0   0.11929
 3.50  7400.  0.0   0.00456
 4.00  7400.  0.0   0.41556
 4.00  7400.  0.0   0.24120
 4.00  7400.  0.0   0.08984
 4.00  7400.  0.0   0.00371
 4.50  7400.  0.0   0.35849
 4.50  7400.  0.0   0.26815
 4.50  7400.  0.0   0.07059
 4.50  7400.  0.0   0.00459
 5.00  7400.  0.0   0.36224
 5.00  7400.  0.0   0.26246
 5.00  7400.  0.0   0.05192
 5.00  7400.  0.0   0.00323
 5.50  7400.  0.0   0.31113
 5.50  7400.  0.0   0.29547
 5.50  7400.  0.0   0.03806
 5.50  7400.  0.0   0.00416
 6.00  7400.  0.0   0.28340
 6.00  7400.  0.0   0.31006
 6.00  7400.  0.0   0.02808
 6.00  7400.  0.0   0.00458
 3.00  7600.  0.0   0.40801
 3.00  7600.  0.0   0.29984
 3.00  7600.  0.0   0.15167
 3.00  7600.  0.0   0.00726
 3.50  7600.  0.0   0.39677
 3.50  7600.  0.0   0.27980
 3.50  7600.  0.0   0.12044
 3.50  7600.  0.0   0.00507
 4.00  7600.  0.0   0.35530
 4.00  7600.  0.0   0.28594
 4.00  7600.  0.0   0.09117
 4.00  7600.  0.0   0.00478
 4.50  7600.  0.0   0.37035
 4.50  7600.  0.0   0.26470
 4.50  7600.  0.0   0.07180
 4.50  7600.  0.0   0.00369
 5.00  7600.  0.0   0.35068
 5.00  7600.  0.0   0.26933
 5.00  7600.  0.0   0.05310
 5.00  7600.  0.0   0.00330
 5.50  7600.  0.0   0.29975
 5.50  7600.  0.0   0.30208
 5.50  7600.  0.0   0.03898
 5.50  7600.  0.0   0.00414
 6.00  7600.  0.0   0.27119
 6.00  7600.  0.0   0.31671
 6.00  7600.  0.0   0.02883
 6.00  7600.  0.0   0.00458
 3.00  7800.  0.0   0.39043
 3.00  7800.  0.0   0.31132
 3.00  7800.  0.0   0.15359
 3.00  7800.  0.0   0.00846
 3.50  7800.  0.0   0.36609
 3.50  7800.  0.0   0.29737
 3.50  7800.  0.0   0.12214
 3.50  7800.  0.0   0.00705
 4.00  7800.  0.0   0.35598
 4.00  7800.  0.0   0.29053
 4.00  7800.  0.0   0.09267
 4.00  7800.  0.0   0.00465
 4.50  7800.  0.0   0.35223
 4.50  7800.  0.0   0.27705
 4.50  7800.  0.0   0.07325
 4.50  7800.  0.0   0.00372
 5.00  7800.  0.0   0.33929
 5.00  7800.  0.0   0.27621
 5.00  7800.  0.0   0.05425
 5.00  7800.  0.0   0.00355
 5.50  7800.  0.0   0.28851
 5.50  7800.  0.0   0.30863
 5.50  7800.  0.0   0.03986
 5.50  7800.  0.0   0.00425
 6.00  7800.  0.0   0.25931
 6.00  7800.  0.0   0.32327
 6.00  7800.  0.0   0.02953
 6.00  7800.  0.0   0.00470
 3.00  8000.  0.0   0.36722
 3.00  8000.  0.0   0.32870
 3.00  8000.  0.0   0.15605
 3.00  8000.  0.0   0.00961
 3.50  8000.  0.0   0.37162
 3.50  8000.  0.0   0.29103
 3.50  8000.  0.0   0.12420
 3.50  8000.  0.0   0.00740
 4.00  8000.  0.0   0.35245
 4.00  8000.  0.0   0.28703
 4.00  8000.  0.0   0.09497
 4.00  8000.  0.0   0.00540
 4.50  8000.  0.0   0.33732
 4.50  8000.  0.0   0.28568
 4.50  8000.  0.0   0.07489
 4.50  8000.  0.0   0.00412
 5.00  8000.  0.0   0.33037
 5.00  8000.  0.0   0.28032
 5.00  8000.  0.0   0.05535
 5.00  8000.  0.0   0.00388
 5.50  8000.  0.0   0.27534
 5.50  8000.  0.0   0.29995
 5.50  8000.  0.0   0.04107
 5.50  8000.  0.0   0.00521
 6.00  8000.  0.0   0.24800
 6.00  8000.  0.0   0.32915
 6.00  8000.  0.0   0.03021
 6.00  8000.  0.0   0.00481
 3.00  8200.  0.0   0.34101
 3.00  8200.  0.0   0.34747
 3.00  8200.  0.0   0.15972
 3.00  8200.  0.0   0.01092
 3.50  8200.  0.0   0.34649
 3.50  8200.  0.0   0.30763
 3.50  8200.  0.0   0.12759
 3.50  8200.  0.0   0.00842
 4.00  8200.  0.0   0.35385
 4.00  8200.  0.0   0.27812
 4.00  8200.  0.0   0.09726
 4.00  8200.  0.0   0.00659
 4.50  8200.  0.0   0.32871
 4.50  8200.  0.0   0.28641
 4.50  8200.  0.0   0.07677
 4.50  8200.  0.0   0.00488
 5.00  8200.  0.0   0.32092
 5.00  8200.  0.0   0.28088
 5.00  8200.  0.0   0.05670
 5.00  8200.  0.0   0.00397
 5.50  8200.  0.0   0.26873
 5.50  8200.  0.0   0.30269
 5.50  8200.  0.0   0.04180
 5.50  8200.  0.0   0.00557
 6.00  8200.  0.0   0.23701
 6.00  8200.  0.0   0.33567
 6.00  8200.  0.0   0.03072
 6.00  8200.  0.0   0.00525
 3.00  8400.  0.0   0.32313
 3.00  8400.  0.0   0.35885
 3.00  8400.  0.0   0.16353
 3.00  8400.  0.0   0.01193
 3.50  8400.  0.0   0.32662
 3.50  8400.  0.0   0.31950
 3.50  8400.  0.0   0.13051
 3.50  8400.  0.0   0.00941
 4.00  8400.  0.0   0.34993
 4.00  8400.  0.0   0.27496
 4.00  8400.  0.0   0.09938
 4.00  8400.  0.0   0.00742
 4.50  8400.  0.0   0.32816
 4.50  8400.  0.0   0.27861
 4.50  8400.  0.0   0.07857
 4.50  8400.  0.0   0.00583
 5.00  8400.  0.0   0.30910
 5.00  8400.  0.0   0.28545
 5.00  8400.  0.0   0.05805
 5.00  8400.  0.0   0.00450
 5.50  8400.  0.0   0.26826
 5.50  8400.  0.0   0.30388
 5.50  8400.  0.0   0.04264
 5.50  8400.  0.0   0.00571
 6.00  8400.  0.0   0.22768
 6.00  8400.  0.0   0.33972
 6.00  8400.  0.0   0.03138
 6.00  8400.  0.0   0.00558
 3.00  8600.  0.0   0.30966
 3.00  8600.  0.0   0.36564
 3.00  8600.  0.0   0.16798
 3.00  8600.  0.0   0.01204
 3.50  8600.  0.0   0.31031
 3.50  8600.  0.0   0.32839
 3.50  8600.  0.0   0.13407
 3.50  8600.  0.0   0.01024
 4.00  8600.  0.0   0.31331
 4.00  8600.  0.0   0.29756
 4.00  8600.  0.0   0.10219
 4.00  8600.  0.0   0.00835
 4.50  8600.  0.0   0.32477
 4.50  8600.  0.0   0.27396
 4.50  8600.  0.0   0.08019
 4.50  8600.  0.0   0.00692
 5.00  8600.  0.0   0.30280
 5.00  8600.  0.0   0.28352
 5.00  8600.  0.0   0.05927
 5.00  8600.  0.0   0.00536
 5.50  8600.  0.0   0.28806
 5.50  8600.  0.0   0.29020
 5.50  8600.  0.0   0.04357
 5.50  8600.  0.0   0.00458
 6.00  8600.  0.0   0.22085
 6.00  8600.  0.0   0.34136
 6.00  8600.  0.0   0.03207
 6.00  8600.  0.0   0.00599
 3.00  8800.  0.0   0.29732
 3.00  8800.  0.0   0.37597
 3.00  8800.  0.0   0.17435
 3.00  8800.  0.0   0.01277
 3.50  8800.  0.0   0.29635
 3.50  8800.  0.0   0.33692
 3.50  8800.  0.0   0.13868
 3.50  8800.  0.0   0.01103
 4.00  8800.  0.0   0.29774
 4.00  8800.  0.0   0.30630
 4.00  8800.  0.0   0.10616
 4.00  8800.  0.0   0.00929
 4.50  8800.  0.0   0.30958
 4.50  8800.  0.0   0.27994
 4.50  8800.  0.0   0.08255
 4.50  8800.  0.0   0.00771
 5.00  8800.  0.0   0.30123
 5.00  8800.  0.0   0.27599
 5.00  8800.  0.0   0.06050
 5.00  8800.  0.0   0.00653
 5.50  8800.  0.0   0.28299
 5.50  8800.  0.0   0.28707
 5.50  8800.  0.0   0.04449
 5.50  8800.  0.0   0.00518
 6.00  8800.  0.0   0.21660
 6.00  8800.  0.0   0.34025
 6.00  8800.  0.0   0.03271
 6.00  8800.  0.0   0.00646
 3.00  9000.  0.0   0.28504
 3.00  9000.  0.0   0.38926
 3.00  9000.  0.0   0.17886
 3.00  9000.  0.0   0.01455
 3.50  9000.  0.0   0.28379
 3.50  9000.  0.0   0.34620
 3.50  9000.  0.0   0.14277
 3.50  9000.  0.0   0.01224
 4.00  9000.  0.0   0.28472
 4.00  9000.  0.0   0.31267
 4.00  9000.  0.0   0.10830
 4.00  9000.  0.0   0.01017
 4.50  9000.  0.0   0.28603
 4.50  9000.  0.0   0.29216
 4.50  9000.  0.0   0.08547
 4.50  9000.  0.0   0.00859
 5.00  9000.  0.0   0.29707
 5.00  9000.  0.0   0.27129
 5.00  9000.  0.0   0.06259
 5.00  9000.  0.0   0.00723
 5.50  9000.  0.0   0.27723
 5.50  9000.  0.0   0.28415
 5.50  9000.  0.0   0.04532
 5.50  9000.  0.0   0.00615
 6.00  9000.  0.0   0.21676
 6.00  9000.  0.0   0.33490
 6.00  9000.  0.0   0.03328
 6.00  9000.  0.0   0.00695
 3.00  9200.  0.0   0.27749
 3.00  9200.  0.0   0.39417
 3.00  9200.  0.0   0.18241
 3.00  9200.  0.0   0.01430
 3.50  9200.  0.0   0.27409
 3.50  9200.  0.0   0.35226
 3.50  9200.  0.0   0.14524
 3.50  9200.  0.0   0.01291
 4.00  9200.  0.0   0.27453
 4.00  9200.  0.0   0.31673
 4.00  9200.  0.0   0.11025
 4.00  9200.  0.0   0.01056
 4.50  9200.  0.0   0.27409
 4.50  9200.  0.0   0.29719
 4.50  9200.  0.0   0.08707
 4.50  9200.  0.0   0.00928
 5.00  9200.  0.0   0.28310
 5.00  9200.  0.0   0.27667
 5.00  9200.  0.0   0.06423
 5.00  9200.  0.0   0.00794
 5.50  9200.  0.0   0.27566
 5.50  9200.  0.0   0.27596
 5.50  9200.  0.0   0.04655
 5.50  9200.  0.0   0.00708
 6.00  9200.  0.0   0.22512
 6.00  9200.  0.0   0.32014
 6.00  9200.  0.0   0.03388
 6.00  9200.  0.0   0.00689
 3.00  9400.  0.0   0.26622
 3.00  9400.  0.0   0.40730
 3.00  9400.  0.0   0.18556
 3.00  9400.  0.0   0.01619
 3.50  9400.  0.0   0.26631
 3.50  9400.  0.0   0.35667
 3.50  9400.  0.0   0.14750
 3.50  9400.  0.0   0.01300
 4.00  9400.  0.0   0.26470
 4.00  9400.  0.0   0.32285
 4.00  9400.  0.0   0.11220
 4.00  9400.  0.0   0.01149
 4.50  9400.  0.0   0.26419
 4.50  9400.  0.0   0.30132
 4.50  9400.  0.0   0.08854
 4.50  9400.  0.0   0.00988
 5.00  9400.  0.0   0.26405
 5.00  9400.  0.0   0.28546
 5.00  9400.  0.0   0.06545
 5.00  9400.  0.0   0.00869
 5.50  9400.  0.0   0.27298
 5.50  9400.  0.0   0.27104
 5.50  9400.  0.0   0.04788
 5.50  9400.  0.0   0.00777
 6.00  9400.  0.0   0.23942
 6.00  9400.  0.0   0.29399
 6.00  9400.  0.0   0.03462
 6.00  9400.  0.0   0.00774
 3.00  9600.  0.0   0.25908
 3.00  9600.  0.0   0.41181
 3.00  9600.  0.0   0.18871
 3.00  9600.  0.0   0.01577
 3.50  9600.  0.0   0.25768
 3.50  9600.  0.0   0.36325
 3.50  9600.  0.0   0.14969
 3.50  9600.  0.0   0.01362
 4.00  9600.  0.0   0.25711
 4.00  9600.  0.0   0.32643
 4.00  9600.  0.0   0.11387
 4.00  9600.  0.0   0.01168
 4.50  9600.  0.0   0.25609
 4.50  9600.  0.0   0.30618
 4.50  9600.  0.0   0.09010
 4.50  9600.  0.0   0.01037
 5.00  9600.  0.0   0.25401
 5.00  9600.  0.0   0.28964
 5.00  9600.  0.0   0.06644
 5.00  9600.  0.0   0.00938
 5.50  9600.  0.0   0.26076
 5.50  9600.  0.0   0.27592
 5.50  9600.  0.0   0.04855
 5.50  9600.  0.0   0.00846
 6.00  9600.  0.0   0.25082
 6.00  9600.  0.0   0.28107
 6.00  9600.  0.0   0.03553
 6.00  9600.  0.0   0.00791
 3.00  9800.  0.0   0.24984
 3.00  9800.  0.0   0.42065
 3.00  9800.  0.0   0.19149
 3.00  9800.  0.0   0.01660
 3.50  9800.  0.0   0.24750
 3.50  9800.  0.0   0.37295
 3.50  9800.  0.0   0.15168
 3.50  9800.  0.0   0.01508
 4.00  9800.  0.0   0.24823
 4.00  9800.  0.0   0.33333
 4.00  9800.  0.0   0.11537
 4.00  9800.  0.0   0.01269
 4.50  9800.  0.0   0.24801
 4.50  9800.  0.0   0.30880
 4.50  9800.  0.0   0.09079
 4.50  9800.  0.0   0.01086
 5.00  9800.  0.0   0.24561
 5.00  9800.  0.0   0.29296
 5.00  9800.  0.0   0.06718
 5.00  9800.  0.0   0.00996
 5.50  9800.  0.0   0.24460
 5.50  9800.  0.0   0.28287
 5.50  9800.  0.0   0.04936
 5.50  9800.  0.0   0.00919
 6.00  9800.  0.0   0.24907
 6.00  9800.  0.0   0.27559
 6.00  9800.  0.0   0.03611
 6.00  9800.  0.0   0.00876
 3.00 10000.  0.0   0.24092
 3.00 10000.  0.0   0.42809
 3.00 10000.  0.0   0.19357
 3.00 10000.  0.0   0.01745
 3.50 10000.  0.0   0.24023
 3.50 10000.  0.0   0.37655
 3.50 10000.  0.0   0.15309
 3.50 10000.  0.0   0.01501
 4.00 10000.  0.0   0.24095
 4.00 10000.  0.0   0.33734
 4.00 10000.  0.0   0.11622
 4.00 10000.  0.0   0.01290
 4.50 10000.  0.0   0.24008
 4.50 10000.  0.0   0.31405
 4.50 10000.  0.0   0.09190
 4.50 10000.  0.0   0.01165
 5.00 10000.  0.0   0.23807
 5.00 10000.  0.0   0.29638
 5.00 10000.  0.0   0.06805
 5.00 10000.  0.0   0.01053
 5.50 10000.  0.0   0.23561
 5.50 10000.  0.0   0.28673
 5.50 10000.  0.0   0.04989
 5.50 10000.  0.0   0.00995
 6.00 10000.  0.0   0.24512
 6.00 10000.  0.0   0.27379
 6.00 10000.  0.0   0.03657
 6.00 10000.  0.0   0.00940
 3.00 10200.  0.0   0.23225
 3.00 10200.  0.0   0.43499
 3.00 10200.  0.0   0.19602
 3.00 10200.  0.0   0.01831
 3.50 10200.  0.0   0.23027
 3.50 10200.  0.0   0.38584
 3.50 10200.  0.0   0.15479
 3.50 10200.  0.0   0.01666
 4.00 10200.  0.0   0.23222
 4.00 10200.  0.0   0.34434
 4.00 10200.  0.0   0.11732
 4.00 10200.  0.0   0.01398
 4.50 10200.  0.0   0.23332
 4.50 10200.  0.0   0.31748
 4.50 10200.  0.0   0.09252
 4.50 10200.  0.0   0.01190
 5.00 10200.  0.0   0.23078
 5.00 10200.  0.0   0.30046
 5.00 10200.  0.0   0.06875
 5.00 10200.  0.0   0.01121
 5.50 10200.  0.0   0.22799
 5.50 10200.  0.0   0.28965
 5.50 10200.  0.0   0.05045
 5.50 10200.  0.0   0.01049
 6.00 10200.  0.0   0.23350
 6.00 10200.  0.0   0.27874
 6.00 10200.  0.0   0.03702
 6.00 10200.  0.0   0.01006
 3.00 10400.  0.0   0.22411
 3.00 10400.  0.0   0.44014
 3.00 10400.  0.0   0.19817
 3.00 10400.  0.0   0.01910
 3.50 10400.  0.0   0.22204
 3.50 10400.  0.0   0.39117
 3.50 10400.  0.0   0.15621
 3.50 10400.  0.0   0.01746
 4.00 10400.  0.0   0.22526
 4.00 10400.  0.0   0.34783
 4.00 10400.  0.0   0.11915
 4.00 10400.  0.0   0.01413
 4.50 10400.  0.0   0.22605
 4.50 10400.  0.0   0.32208
 4.50 10400.  0.0   0.09331
 4.50 10400.  0.0   0.01244
 5.00 10400.  0.0   0.22407
 5.00 10400.  0.0   0.30404
 5.00 10400.  0.0   0.06910
 5.00 10400.  0.0   0.01172
 5.50 10400.  0.0   0.22105
 5.50 10400.  0.0   0.29272
 5.50 10400.  0.0   0.05092
 5.50 10400.  0.0   0.01108
 6.00 10400.  0.0   0.21907
 6.00 10400.  0.0   0.28570
 6.00 10400.  0.0   0.03740
 6.00 10400.  0.0   0.01082
 3.00 10600.  0.0   0.21301
 3.00 10600.  0.0   0.45102
 3.00 10600.  0.0   0.19975
 3.00 10600.  0.0   0.02226
 3.50 10600.  0.0   0.21602
 3.50 10600.  0.0   0.39157
 3.50 10600.  0.0   0.15728
 3.50 10600.  0.0   0.01709
 4.00 10600.  0.0   0.21862
 4.00 10600.  0.0   0.35022
 4.00 10600.  0.0   0.11978
 4.00 10600.  0.0   0.01423
 4.50 10600.  0.0   0.21893
 4.50 10600.  0.0   0.32643
 4.50 10600.  0.0   0.09408
 4.50 10600.  0.0   0.01299
 5.00 10600.  0.0   0.21742
 5.00 10600.  0.0   0.30785
 5.00 10600.  0.0   0.06958
 5.00 10600.  0.0   0.01223
 5.50 10600.  0.0   0.21433
 5.50 10600.  0.0   0.29620
 5.50 10600.  0.0   0.05116
 5.50 10600.  0.0   0.01175
 6.00 10600.  0.0   0.21213
 6.00 10600.  0.0   0.28852
 6.00 10600.  0.0   0.03771
 6.00 10600.  0.0   0.01148
 3.00 10800.  0.0   0.20591
 3.00 10800.  0.0   0.45339
 3.00 10800.  0.0   0.20117
 3.00 10800.  0.0   0.02313
 3.50 10800.  0.0   0.20877
 3.50 10800.  0.0   0.39443
 3.50 10800.  0.0   0.15997
 3.50 10800.  0.0   0.01767
 4.00 10800.  0.0   0.21037
 4.00 10800.  0.0   0.35565
 4.00 10800.  0.0   0.12104
 4.00 10800.  0.0   0.01534
 4.50 10800.  0.0   0.21195
 4.50 10800.  0.0   0.33010
 4.50 10800.  0.0   0.09443
 4.50 10800.  0.0   0.01351
 5.00 10800.  0.0   0.21122
 5.00 10800.  0.0   0.31100
 5.00 10800.  0.0   0.07017
 5.00 10800.  0.0   0.01258
 5.50 10800.  0.0   0.20835
 5.50 10800.  0.0   0.29892
 5.50 10800.  0.0   0.05142
 5.50 10800.  0.0   0.01217
 6.00 10800.  0.0   0.20597
 6.00 10800.  0.0   0.29084
 6.00 10800.  0.0   0.03790
 6.00 10800.  0.0   0.01200
 3.00 11000.  0.0   0.19945
 3.00 11000.  0.0   0.45463
 3.00 11000.  0.0   0.20284
 3.00 11000.  0.0   0.02386
 3.50 11000.  0.0   0.20385
 3.50 11000.  0.0   0.39272
 3.50 11000.  0.0   0.16203
 3.50 11000.  0.0   0.01701
 4.00 11000.  0.0   0.20440
 4.00 11000.  0.0   0.35679
 4.00 11000.  0.0   0.12297
 4.00 11000.  0.0   0.01531
 4.50 11000.  0.0   0.20517
 4.50 11000.  0.0   0.33356
 4.50 11000.  0.0   0.09565
 4.50 11000.  0.0   0.01405
 5.00 11000.  0.0   0.20446
 5.00 11000.  0.0   0.31490
 5.00 11000.  0.0   0.07029
 5.00 11000.  0.0   0.01325
 5.50 11000.  0.0   0.20205
 5.50 11000.  0.0   0.30251
 5.50 11000.  0.0   0.05185
 5.50 11000.  0.0   0.01283
 6.00 11000.  0.0   0.20000
 6.00 11000.  0.0   0.29339
 6.00 11000.  0.0   0.03804
 6.00 11000.  0.0   0.01254
 3.00 11200.  0.0   0.19824
 3.00 11200.  0.0   0.44549
 3.00 11200.  0.0   0.20682
 3.00 11200.  0.0   0.02086
 3.50 11200.  0.0   0.19578
 3.50 11200.  0.0   0.39766
 3.50 11200.  0.0   0.16467
 3.50 11200.  0.0   0.01850
 4.00 11200.  0.0   0.19788
 4.00 11200.  0.0   0.35914
 4.00 11200.  0.0   0.12567
 4.00 11200.  0.0   0.01576
 4.50 11200.  0.0   0.19797
 4.50 11200.  0.0   0.33771
 4.50 11200.  0.0   0.09750
 4.50 11200.  0.0   0.01493
 5.00 11200.  0.0   0.19821
 5.00 11200.  0.0   0.31793
 5.00 11200.  0.0   0.07112
 5.00 11200.  0.0   0.01375
 5.50 11200.  0.0   0.19674
 5.50 11200.  0.0   0.30436
 5.50 11200.  0.0   0.05219
 5.50 11200.  0.0   0.01305
 6.00 11200.  0.0   0.19437
 6.00 11200.  0.0   0.29898
 6.00 11200.  0.0   0.03827
 6.00 11200.  0.0   0.01333
 3.00 11400.  0.0   0.19327
 3.00 11400.  0.0   0.44446
 3.00 11400.  0.0   0.20932
 3.00 11400.  0.0   0.02094
 3.50 11400.  0.0   0.19425
 3.50 11400.  0.0   0.38479
 3.50 11400.  0.0   0.16299
 3.50 11400.  0.0   0.01664
 4.00 11400.  0.0   0.19088
 4.00 11400.  0.0   0.36142
 4.00 11400.  0.0   0.12706
 4.00 11400.  0.0   0.01670
 4.50 11400.  0.0   0.19180
 4.50 11400.  0.0   0.33984
 4.50 11400.  0.0   0.09963
 4.50 11400.  0.0   0.01540
 5.00 11400.  0.0   0.19279
 5.00 11400.  0.0   0.31987
 5.00 11400.  0.0   0.07238
 5.00 11400.  0.0   0.01402
 5.50 11400.  0.0   0.19095
 5.50 11400.  0.0   0.31027
 5.50 11400.  0.0   0.05235
 5.50 11400.  0.0   0.01381
 6.00 11400.  0.0   0.18848
 6.00 11400.  0.0   0.30175
 6.00 11400.  0.0   0.03837
 6.00 11400.  0.0   0.01386
 3.00 11600.  0.0   0.18915
 3.00 11600.  0.0   0.44254
 3.00 11600.  0.0   0.21184
 3.00 11600.  0.0   0.02084
 3.50 11600.  0.0   0.18729
 3.50 11600.  0.0   0.38683
 3.50 11600.  0.0   0.16424
 3.50 11600.  0.0   0.01792
 4.00 11600.  0.0   0.18899
 4.00 11600.  0.0   0.34932
 4.00 11600.  0.0   0.12483
 4.00 11600.  0.0   0.01523
 4.50 11600.  0.0   0.18681
 4.50 11600.  0.0   0.33909
 4.50 11600.  0.0   0.10089
 4.50 11600.  0.0   0.01530
 5.00 11600.  0.0   0.18930
 5.00 11600.  0.0   0.31215
 5.00 11600.  0.0   0.07182
 5.00 11600.  0.0   0.01336
 5.50 11600.  0.0   0.18544
 5.50 11600.  0.0   0.30928
 5.50 11600.  0.0   0.05338
 5.50 11600.  0.0   0.01405
 6.00 11600.  0.0   0.18312
 6.00 11600.  0.0   0.30371
 6.00 11600.  0.0   0.03861
 6.00 11600.  0.0   0.01422
 3.00 11800.  0.0   0.18934
 3.00 11800.  0.0   0.43209
 3.00 11800.  0.0   0.21360
 3.00 11800.  0.0   0.01822
 3.50 11800.  0.0   0.18094
 3.50 11800.  0.0   0.39238
 3.50 11800.  0.0   0.17022
 3.50 11800.  0.0   0.01859
 4.00 11800.  0.0   0.18302
 4.00 11800.  0.0   0.34942
 4.00 11800.  0.0   0.12580
 4.00 11800.  0.0   0.01591
 4.50 11800.  0.0   0.18161
 4.50 11800.  0.0   0.33842
 4.50 11800.  0.0   0.10194
 4.50 11800.  0.0   0.01547
 5.00 11800.  0.0   0.18384
 5.00 11800.  0.0   0.31270
 5.00 11800.  0.0   0.07242
 5.00 11800.  0.0   0.01374
 5.50 11800.  0.0   0.18004
 5.50 11800.  0.0   0.31447
 5.50 11800.  0.0   0.05377
 5.50 11800.  0.0   0.01473
 6.00 11800.  0.0   0.17785
 6.00 11800.  0.0   0.30582
 6.00 11800.  0.0   0.03864
 6.00 11800.  0.0   0.01462
 3.00 12000.  0.0   0.18575
 3.00 12000.  0.0   0.42928
 3.00 12000.  0.0   0.21508
 3.00 12000.  0.0   0.01796
 3.50 12000.  0.0   0.17930
 3.50 12000.  0.0   0.38495
 3.50 12000.  0.0   0.17228
 3.50 12000.  0.0   0.01699
 4.00 12000.  0.0   0.17988
 4.00 12000.  0.0   0.34432
 4.00 12000.  0.0   0.12671
 4.00 12000.  0.0   0.01511
 4.50 12000.  0.0   0.17614
 4.50 12000.  0.0   0.33814
 4.50 12000.  0.0   0.10297
 4.50 12000.  0.0   0.01596
 5.00 12000.  0.0   0.17960
 5.00 12000.  0.0   0.31098
 5.00 12000.  0.0   0.07299
 5.00 12000.  0.0   0.01357
 5.50 12000.  0.0   0.17553
 5.50 12000.  0.0   0.31465
 5.50 12000.  0.0   0.05424
 5.50 12000.  0.0   0.01483
 6.00 12000.  0.0   0.17288
 6.00 12000.  0.0   0.30711
 6.00 12000.  0.0   0.03903
 6.00 12000.  0.0   0.01497
