# BJD_TDB RV err_RV FWHM err_FWHM BIS_SPAN err_BIS Contrast err_Contrast S-index err_S-index Ha err_Ha
# (d) (m/s) (m/s) (km/s) (km/s) (m/s) (m/s) (-) (-) (-) (-) (dex) (dex)
2458804.70780 79695.97 1.13 6.4153 0.0023 -86.82 2.26 59.879 0.021 0.1643 0.0005 0.2101 0.0002
2458805.77552 79699.66 0.85 6.4186 0.0017 -85.13 1.71 59.811 0.016 0.1702 0.0003 0.2124 0.0002
2458806.76769 79697.50 0.91 6.4152 0.0018 -83.67 1.82 59.861 0.017 0.1689 0.0003 0.2082 0.0001
2458816.75515 79695.58 1.77 6.4164 0.0035 -86.25 3.55 60.131 0.033 0.1538 0.0010 0.2068 0.0003
2458817.76549 79701.24 0.95 6.4153 0.0019 -86.66 1.90 59.919 0.018 0.1686 0.0003 0.2079 0.0002
2458818.76840 79702.47 0.85 6.4141 0.0017 -84.86 1.71 59.879 0.016 0.1704 0.0003 0.2071 0.0002
2458819.76148 79701.51 0.94 6.4098 0.0019 -83.47 1.89 59.930 0.018 0.1675 0.0003 0.2074 0.0001
2458820.64715 79702.57 2.96 6.4129 0.0059 -86.32 5.91 60.513 0.056 0.1456 0.0024 0.2090 0.0006
2458829.68451 79702.88 1.99 6.4184 0.0040 -86.03 3.98 59.785 0.037 0.1600 0.0012 0.2063 0.0004
2458831.67966 79696.83 1.01 6.4170 0.0020 -83.22 2.01 59.796 0.019 0.1689 0.0004 0.2128 0.0002
2458832.71083 79699.37 0.95 6.4216 0.0019 -89.30 1.90 59.748 0.018 0.1690 0.0003 0.2169 0.0002
2458841.73891 79698.77 2.03 6.4169 0.0041 -82.99 4.06 60.169 0.038 0.1574 0.0012 0.2091 0.0004
2458845.65390 79703.53 3.83 6.4102 0.0077 -91.05 7.66 60.180 0.072 0.1144 0.0031 0.2021 0.0009
2458845.69659 79703.64 1.04 6.4110 0.0021 -81.00 2.07 59.915 0.019 0.1623 0.0004 0.2056 0.0002
2458847.72288 79702.24 0.95 6.4139 0.0019 -85.10 1.91 59.908 0.018 0.1673 0.0004 0.2040 0.0001
2458848.78175 79700.65 1.19 6.4115 0.0024 -84.61 2.39 59.931 0.022 0.1674 0.0006 0.2074 0.0002
2458849.74129 79698.45 1.39 6.4159 0.0028 -85.97 2.78 59.927 0.026 0.1689 0.0006 0.2080 0.0003
2458850.70300 79695.52 0.96 6.4167 0.0019 -85.45 1.92 59.888 0.018 0.1659 0.0003 0.2087 0.0002
2458851.71888 79696.87 0.98 6.4129 0.0020 -83.40 1.96 59.908 0.018 0.1674 0.0003 0.2119 0.0002
2458853.74511 79698.16 0.96 6.4101 0.0019 -79.51 1.91 59.911 0.018 0.1664 0.0003 0.2112 0.0002
2458854.61073 79697.99 1.18 6.4090 0.0024 -85.40 2.37 59.895 0.022 0.1635 0.0004 0.2146 0.0003
2458858.66358 79693.49 2.62 6.4005 0.0052 -86.14 5.23 59.821 0.049 0.1653 0.0018 0.2078 0.0006
2458859.56275 79698.47 1.28 6.4115 0.0026 -85.56 2.56 59.661 0.024 0.1643 0.0006 0.2118 0.0002
2458860.62417 79691.77 1.02 6.4109 0.0020 -86.23 2.04 59.737 0.019 0.1654 0.0004 0.2093 0.0002
2458861.56623 79693.75 1.00 6.4147 0.0020 -85.94 2.00 59.737 0.019 0.1671 0.0004 0.2072 0.0001
2458884.48656 79698.48 1.88 6.4131 0.0038 -82.21 3.77 59.973 0.035 0.1492 0.0011 0.2069 0.0004
2458884.50796 79698.32 1.57 6.4233 0.0031 -80.59 3.14 59.968 0.029 0.1674 0.0008 0.2106 0.0004
2458884.57718 79696.39 1.33 6.4093 0.0027 -81.43 2.66 59.920 0.025 0.1681 0.0006 0.2070 0.0003
2458884.59882 79692.74 1.90 6.4101 0.0038 -83.72 3.80 59.936 0.036 0.1539 0.0010 0.2082 0.0005
2458884.66796 79695.12 2.52 6.3976 0.0050 -77.10 5.04 60.343 0.048 0.1555 0.0018 0.2037 0.0005
2458884.68891 79691.76 2.73 6.3972 0.0055 -80.68 5.45 60.429 0.052 0.1432 0.0021 0.2055 0.0006
2458885.57139 79693.85 0.79 6.4162 0.0016 -83.10 1.58 59.806 0.015 0.1702 0.0002 0.2088 0.0001
2458886.47525 79694.04 0.83 6.4059 0.0017 -80.95 1.65 59.842 0.015 0.1681 0.0003 0.2054 0.0001
2458886.49593 79695.22 0.80 6.4129 0.0016 -82.75 1.61 59.839 0.015 0.1657 0.0003 0.2091 0.0001
2458886.56962 79695.49 1.07 6.4116 0.0021 -81.02 2.13 59.855 0.020 0.1614 0.0004 0.2058 0.0002
2458886.59075 79696.28 1.17 6.4144 0.0023 -84.63 2.34 59.857 0.022 0.1636 0.0005 0.2063 0.0002
2458886.65873 79697.11 0.90 6.4149 0.0018 -82.52 1.80 59.821 0.017 0.1639 0.0003 0.2056 0.0001
2458886.68035 79701.23 0.92 6.4128 0.0018 -80.20 1.85 59.850 0.017 0.1672 0.0004 0.2062 0.0001
2458891.58325 79701.05 1.13 6.4209 0.0023 -85.12 2.26 59.856 0.021 0.1667 0.0005 0.2080 0.0002
2458892.48705 79705.19 1.73 6.4013 0.0035 -83.61 3.46 60.052 0.032 0.1656 0.0010 0.2080 0.0003
2458906.43289 79699.07 1.52 6.4186 0.0030 -83.33 3.03 60.067 0.028 0.1627 0.0008 0.2069 0.0003
2458907.46939 79697.58 0.77 6.4167 0.0015 -84.41 1.55 59.842 0.014 0.1687 0.0002 0.2115 0.0001
2458908.45317 79699.37 1.13 6.4152 0.0023 -85.16 2.27 59.907 0.021 0.1643 0.0005 0.2084 0.0002
2458909.43544 79700.18 0.96 6.4164 0.0019 -81.73 1.92 59.882 0.018 0.1687 0.0004 0.2102 0.0002
2458909.65291 79697.06 0.85 6.4116 0.0017 -84.64 1.71 59.887 0.016 0.1672 0.0003 0.2083 0.0001
2458910.52118 79699.73 1.36 6.4129 0.0027 -82.03 2.72 59.993 0.025 0.1588 0.0007 0.2100 0.0002
2458911.46231 79696.75 2.11 6.4130 0.0042 -86.05 4.23 60.104 0.040 0.1484 0.0014 0.2059 0.0004
2458911.63088 79700.72 1.45 6.4093 0.0029 -85.64 2.89 60.001 0.027 0.1583 0.0008 0.2059 0.0002
2458912.44137 79698.58 0.97 6.4126 0.0019 -88.27 1.95 59.892 0.018 0.1670 0.0004 0.2104 0.0002
2458912.58976 79701.09 0.94 6.4156 0.0019 -82.31 1.88 59.867 0.018 0.1692 0.0004 0.2079 0.0001
2458914.41262 79699.24 1.00 6.4144 0.0020 -90.72 2.00 59.861 0.019 0.1658 0.0004 0.2095 0.0001
2458914.56088 79698.10 0.86 6.4118 0.0017 -86.73 1.71 59.856 0.016 0.1668 0.0003 0.2083 0.0001
2458915.41249 79699.23 0.93 6.4121 0.0019 -86.12 1.87 59.788 0.017 0.1650 0.0004 0.2095 0.0001
2458915.59371 79696.48 2.09 6.4160 0.0042 -86.17 4.18 59.686 0.039 0.1606 0.0014 0.2077 0.0004
2458920.45030 79702.20 1.03 6.4059 0.0021 -87.81 2.05 59.876 0.019 0.1676 0.0004 0.2053 0.0001
2458920.60573 79704.72 1.14 6.4172 0.0023 -86.89 2.29 59.887 0.021 0.1660 0.0005 0.2078 0.0002
2458921.43915 79703.80 1.22 6.4127 0.0024 -81.32 2.43 59.971 0.023 0.1607 0.0006 0.2082 0.0002
2458921.56863 79704.73 0.95 6.4120 0.0019 -86.36 1.90 59.850 0.018 0.1650 0.0004 0.2090 0.0001
2458922.43510 79705.52 0.96 6.4179 0.0019 -85.38 1.91 59.900 0.018 0.1679 0.0003 0.2130 0.0002
2458922.62541 79705.38 1.20 6.4226 0.0024 -90.69 2.40 59.926 0.022 0.1631 0.0006 0.2082 0.0002
2458923.45988 79704.97 1.09 6.4237 0.0022 -81.68 2.17 59.893 0.020 0.1652 0.0005 0.2071 0.0002
2458974.44023 79706.28 1.42 6.4178 0.0028 -89.81 2.84 59.524 0.026 0.1688 0.0007 0.2103 0.0002
2458975.44358 79707.35 1.17 6.4206 0.0023 -86.46 2.34 59.569 0.022 0.1699 0.0005 0.2129 0.0002
2458976.42110 79712.29 0.78 6.4134 0.0016 -84.92 1.57 59.780 0.015 0.1696 0.0002 0.2109 0.0001
2458977.43746 79708.61 0.77 6.4181 0.0015 -86.13 1.55 59.784 0.014 0.1707 0.0002 0.2137 0.0001
2458978.42543 79705.38 1.19 6.4121 0.0024 -83.54 2.38 59.865 0.022 0.1643 0.0005 0.2111 0.0002
2458979.43931 79709.20 1.01 6.4173 0.0020 -85.73 2.03 59.935 0.019 0.1676 0.0004 0.2071 0.0001
2458982.39193 79704.18 1.07 6.4184 0.0021 -79.19 2.13 59.878 0.020 0.1654 0.0004 0.2103 0.0002
2458983.41787 79703.11 1.86 6.4131 0.0037 -82.43 3.72 60.023 0.035 0.1643 0.0012 0.2105 0.0003
2458985.44329 79703.91 1.34 6.4119 0.0027 -87.84 2.68 59.960 0.025 0.1641 0.0007 0.2060 0.0002
2458987.39860 79701.47 1.68 6.4171 0.0034 -82.42 3.36 59.938 0.031 0.1596 0.0010 0.2064 0.0003
2458988.40807 79705.08 1.27 6.4206 0.0025 -84.69 2.55 59.962 0.024 0.1635 0.0006 0.2064 0.0002
2458989.40748 79706.95 1.21 6.4174 0.0024 -88.78 2.42 59.912 0.023 0.1657 0.0006 0.2054 0.0002
2458990.40835 79700.62 0.85 6.4171 0.0017 -87.60 1.70 59.855 0.016 0.1686 0.0003 0.2111 0.0001
2458992.42169 79696.63 1.19 6.4179 0.0024 -87.85 2.37 59.941 0.022 0.1649 0.0006 0.2068 0.0002
2458993.42184 79696.73 1.12 6.4190 0.0022 -82.62 2.23 59.907 0.021 0.1724 0.0005 0.2111 0.0002
2458999.38869 79708.36 1.39 6.4110 0.0028 -86.81 2.78 59.733 0.026 0.1703 0.0007 0.2107 0.0002
2459001.37000 79705.87 1.11 6.4162 0.0022 -81.98 2.22 60.055 0.021 0.1680 0.0006 0.2064 0.0001
2459007.37783 79704.52 0.79 6.4130 0.0016 -83.98 1.58 59.690 0.015 0.1693 0.0003 0.2106 0.0001
2459008.37634 79699.69 0.78 6.4156 0.0016 -85.75 1.55 59.658 0.014 0.1694 0.0002 0.2156 0.0001
2459009.37682 79702.56 0.91 6.4154 0.0018 -82.23 1.82 59.644 0.017 0.1658 0.0003 0.2205 0.0002
2459014.37845 79697.97 0.96 6.4091 0.0019 -83.65 1.92 59.493 0.018 0.1720 0.0004 0.2071 0.0001
2459169.72829 79695.38 1.64 6.4135 0.0033 -88.36 3.28 60.042 0.031 0.1622 0.0009 0.2016 0.0003
2459170.74337 79699.73 2.02 6.4086 0.0040 -90.33 4.04 59.865 0.038 0.1653 0.0012 0.2084 0.0004
2459172.75273 79692.55 0.85 6.4152 0.0017 -84.62 1.71 59.876 0.016 0.1697 0.0003 0.2073 0.0001
2459203.74302 79707.47 1.05 6.4171 0.0021 -81.98 2.11 59.918 0.020 0.1687 0.0004 0.2031 0.0002
2459212.62212 79708.30 1.16 6.4160 0.0023 -83.06 2.33 59.797 0.022 0.1650 0.0005 0.2044 0.0002
2459215.71887 79704.14 0.98 6.4191 0.0020 -86.23 1.95 59.738 0.018 0.1695 0.0004 0.2049 0.0001
2459216.74584 79701.76 1.78 6.4202 0.0036 -84.91 3.56 58.519 0.032 0.1673 0.0009 0.2211 0.0004
2459239.65287 79694.91 0.78 6.4131 0.0016 -88.25 1.55 59.829 0.014 0.1693 0.0002 0.2083 0.0001
2459253.54276 79693.92 0.84 6.4104 0.0017 -85.33 1.68 59.882 0.016 0.1689 0.0003 0.2083 0.0001
2459253.70313 79696.98 0.84 6.4127 0.0017 -86.07 1.68 59.852 0.016 0.1702 0.0003 0.2081 0.0001
2459254.58133 79697.04 0.72 6.4155 0.0014 -83.90 1.43 59.827 0.013 0.1687 0.0002 0.2108 0.0001
2459254.60341 79695.07 0.75 6.4151 0.0015 -85.32 1.49 59.824 0.014 0.1715 0.0002 0.2105 0.0001
2459254.62385 79696.99 0.77 6.4161 0.0015 -84.42 1.54 59.817 0.014 0.1720 0.0002 0.2084 0.0001
2459254.64545 79698.23 0.83 6.4120 0.0017 -87.18 1.66 59.892 0.016 0.1720 0.0003 0.2077 0.0001
2459254.66654 79700.28 0.77 6.4137 0.0015 -86.04 1.54 59.837 0.014 0.1707 0.0003 0.2085 0.0001
2459254.68798 79699.26 0.80 6.4155 0.0016 -86.71 1.61 59.829 0.015 0.1691 0.0003 0.2107 0.0001
2459255.50157 79701.67 0.86 6.4212 0.0017 -83.25 1.72 59.811 0.016 0.1685 0.0003 0.2079 0.0001
2459255.68628 79702.09 1.00 6.4190 0.0020 -83.84 2.00 59.845 0.019 0.1708 0.0004 0.2047 0.0001
2459256.56612 79701.38 0.96 6.4212 0.0019 -86.59 1.91 59.847 0.018 0.1706 0.0004 0.2087 0.0001
2459256.58742 79697.77 0.95 6.4168 0.0019 -84.55 1.90 59.856 0.018 0.1712 0.0004 0.2077 0.0001
2459256.60847 79700.06 0.95 6.4138 0.0019 -86.93 1.89 59.865 0.018 0.1680 0.0003 0.2099 0.0001
2459256.62959 79699.26 0.88 6.4153 0.0018 -86.89 1.75 59.859 0.016 0.1697 0.0003 0.2075 0.0001
2459256.65036 79700.33 0.94 6.4205 0.0019 -84.53 1.88 59.874 0.018 0.1724 0.0004 0.2073 0.0001
2459256.67195 79698.63 1.00 6.4147 0.0020 -83.54 2.00 59.890 0.019 0.1664 0.0004 0.2065 0.0001
2459258.64211 79703.17 0.90 6.4237 0.0018 -86.08 1.80 59.844 0.017 0.1694 0.0003 0.2081 0.0001
2459258.67847 79705.00 1.00 6.4183 0.0020 -87.08 2.01 59.860 0.019 0.1720 0.0004 0.2093 0.0001
2459259.69483 79703.15 1.34 6.4130 0.0027 -85.01 2.69 59.907 0.025 0.1665 0.0007 0.2081 0.0002
2459261.53792 79696.08 0.95 6.4138 0.0019 -80.47 1.91 59.872 0.018 0.1696 0.0004 0.2082 0.0001
2459275.55581 79693.12 1.07 6.4172 0.0021 -90.05 2.14 59.795 0.020 0.1709 0.0004 0.2098 0.0002
2459276.46152 79698.10 0.84 6.4161 0.0017 -86.59 1.67 59.819 0.016 0.1685 0.0003 0.2155 0.0002
2459276.58098 79698.76 0.86 6.4212 0.0017 -87.83 1.72 59.803 0.016 0.1694 0.0003 0.2125 0.0001
2459277.45568 79700.25 1.03 6.4175 0.0021 -87.29 2.06 59.820 0.019 0.1696 0.0004 0.2108 0.0002
2459277.62485 79695.49 0.86 6.4160 0.0017 -85.67 1.73 59.816 0.016 0.1704 0.0003 0.2136 0.0002
2459278.49301 79700.71 0.83 6.4153 0.0017 -85.84 1.66 59.857 0.015 0.1701 0.0003 0.2128 0.0001
2459286.61579 79703.69 1.39 6.4134 0.0028 -79.65 2.77 59.903 0.026 0.1628 0.0006 0.2131 0.0003
2459289.42680 79707.14 0.73 6.4157 0.0015 -84.34 1.46 59.842 0.014 0.1699 0.0002 0.2117 0.0001
2459289.57701 79704.62 0.95 6.4212 0.0019 -87.57 1.90 59.858 0.018 0.1693 0.0004 0.2114 0.0001
2459295.39721 79696.09 1.01 6.4185 0.0020 -82.78 2.02 59.849 0.019 0.1692 0.0004 0.2098 0.0002
2459295.56524 79696.14 1.49 6.4231 0.0030 -83.59 2.97 59.884 0.028 0.1686 0.0008 0.2084 0.0002
2459297.41397 79697.94 0.69 6.4167 0.0014 -85.07 1.39 59.791 0.013 0.1715 0.0002 0.2120 0.0001
2459297.55777 79700.33 1.27 6.4224 0.0025 -87.76 2.54 59.782 0.024 0.1713 0.0006 0.2079 0.0002
2459303.41103 79701.02 0.93 6.4115 0.0019 -88.44 1.86 59.815 0.017 0.1729 0.0004 0.2075 0.0001
2459303.56135 79695.43 2.05 6.4231 0.0041 -91.23 4.11 59.651 0.038 0.1544 0.0014 0.2068 0.0003
2459304.42545 79696.37 1.15 6.4208 0.0023 -83.77 2.30 59.873 0.021 0.1681 0.0005 0.2094 0.0002
2459304.57316 79700.35 1.84 6.4129 0.0037 -86.33 3.69 59.865 0.034 0.1611 0.0012 0.2105 0.0003
2459305.50546 79701.25 1.18 6.4120 0.0024 -84.57 2.37 59.938 0.022 0.1712 0.0006 0.2061 0.0002
2459324.45780 79694.13 1.42 6.4192 0.0028 -81.14 2.84 59.820 0.027 0.1698 0.0007 0.2123 0.0003
2459325.42306 79690.28 0.80 6.4163 0.0016 -87.20 1.60 59.804 0.015 0.1714 0.0002 0.2139 0.0001
2459326.47267 79693.56 0.76 6.4169 0.0015 -81.87 1.52 59.786 0.014 0.1694 0.0002 0.2108 0.0001
2459328.53703 79693.12 2.01 6.4208 0.0040 -79.92 4.01 59.471 0.037 0.1662 0.0015 0.2098 0.0003
2459342.44770 79708.84 1.86 6.4998 0.0037 -92.92 3.72 58.116 0.033 0.1646 0.0008 0.2021 0.0001
2459343.45982 79702.11 2.17 6.4722 0.0043 -90.75 4.35 58.587 0.039 0.1592 0.0011 0.2053 0.0002
2459344.44559 79707.06 2.30 6.4934 0.0046 -90.13 4.60 58.342 0.041 0.1667 0.0011 0.2008 0.0002
2459345.44847 79697.98 1.75 6.4940 0.0035 -93.33 3.49 58.225 0.031 0.1698 0.0007 0.2022 0.0001
2459346.42847 79696.71 1.27 6.4198 0.0025 -84.82 2.53 59.889 0.024 0.1671 0.0007 0.2053 0.0002
2459360.38528 79703.32 1.46 6.4207 0.0029 -84.29 2.92 59.654 0.027 0.1660 0.0008 0.2070 0.0002
2459361.41452 79703.37 0.99 6.4180 0.0020 -86.61 1.97 59.711 0.018 0.1703 0.0004 0.2103 0.0001
2459363.39943 79703.36 0.97 6.4197 0.0019 -83.98 1.95 59.855 0.018 0.1698 0.0004 0.2094 0.0001
2459364.39914 79703.61 1.09 6.4194 0.0022 -85.84 2.17 59.862 0.020 0.1711 0.0005 0.2121 0.0002
2459365.40960 79706.53 1.15 6.4162 0.0023 -84.77 2.30 59.834 0.021 0.1730 0.0005 0.2094 0.0002
2459366.41494 79705.35 0.97 6.4207 0.0019 -88.30 1.94 59.844 0.018 0.1702 0.0004 0.2110 0.0001
2459367.39691 79702.05 0.95 6.4157 0.0019 -84.86 1.90 59.840 0.018 0.1720 0.0004 0.2138 0.0002
