9.418668111764338935e-01 4.572739317175973928e-01 1.270676850921150569e+00
9.690708334460634843e-01 4.667290894284560343e-01 1.309943047095726509e+00
9.970605918928943101e-01 5.850412648074101440e-01 1.077847887997722687e+00
1.025858781004309384e+00 4.598873633490998536e-01 1.021568613557722216e+00
1.055488750754574268e+00 3.589471754714107510e-01 9.563424751187563633e-01
1.085974525537323654e+00 3.082222950835540320e-01 9.208837545449485296e-01
1.117340823644873860e+00 4.083659054827232238e-01 9.481053769617970861e-01
1.149613077310161380e+00 4.440610693621289684e-01 1.166603904555150617e+00
1.182817453327552171e+00 5.322503945606325004e-01 1.129710209750873329e+00
1.216980874269243840e+00 6.021341402695721268e-01 1.096242788644430366e+00
1.252131040314464094e+00 6.468728327485577800e-01 1.275283143659414531e+00
1.288296451709163293e+00 6.963932596680642018e-01 1.233481426039706230e+00
1.325506431874411639e+00 7.894287440063569861e-01 1.234014126400499567e+00
1.363791151182239592e+00 9.057684009915778489e-01 1.219276135551031981e+00
1.403181651418196729e+00 9.773060498234866778e-01 1.182052210952184712e+00
1.443709870950464991e+00 1.054181273280862863e+00 1.075275666710789224e+00
1.485408670625935956e+00 1.108495495175271905e+00 1.039894166125659769e+00
1.528311860414241607e+00 1.224221833095417988e+00 9.415565842851574274e-01
1.572454226821353274e+00 1.340725754555811111e+00 8.695065961474213179e-01
1.617871561094965660e+00 1.431647441280749611e+00 8.213042251895070756e-01
1.664600688244540105e+00 1.492675218483109134e+00 8.156781035247048228e-01
1.712679496899538467e+00 1.543627875210258127e+00 7.419806664817361064e-01
1.762146970030052273e+00 1.617221169417667692e+00 7.144646569395065594e-01
1.813043216554740544e+00 1.672288408530750115e+00 6.923085740970948976e-01
1.865409503861701346e+00 1.719381948132958193e+00 6.903154321042950237e-01
1.919288291268646640e+00 1.761257918951463441e+00 6.793668946700777145e-01
1.974723264449510518e+00 1.822690143023296461e+00 7.105619589901804867e-01
2.031759370855405589e+00 1.833591678642533473e+00 7.074646250790843638e-01
2.090442856158642559e+00 1.847336934232486350e+00 7.142605630160943075e-01
2.150821301749369585e+00 1.891276999136880521e+00 7.394721045491987610e-01
2.212943663315227294e+00 1.896541440587459881e+00 7.259265581144302981e-01
2.276860310535304244e+00 1.963959876484815403e+00 7.614083501187076664e-01
2.342623067920579061e+00 2.022075752228746914e+00 7.505171693394523391e-01
2.410285256833955447e+00 2.060935110940635084e+00 7.681803853312184627e-01
2.479901738723970794e+00 2.079472759422558603e+00 7.640175151569565948e-01
2.551528959607224589e+00 2.150457279263931376e+00 8.007143740517442820e-01
2.625224995835596875e+00 2.191448235161928437e+00 7.961504678159840864e-01
2.701049601185367521e+00 2.228705569549153331e+00 7.869123718404440471e-01
2.779064255306411546e+00 2.267872369323941761e+00 7.863579190661034168e-01
2.859332213570762615e+00 2.276931956795823275e+00 8.253406794334900987e-01
2.941918558360947067e+00 2.295102285420345112e+00 8.325222209777589644e-01
3.026890251839692958e+00 2.286227846235329153e+00 8.377119814270175269e-01
3.114316190243787474e+00 2.325299995969740241e+00 8.355992619566446900e-01
3.204267259746107488e+00 2.369400865363047615e+00 8.464033792190345240e-01
3.296816393931120359e+00 2.398439363227165444e+00 8.717549881823077884e-01
3.392038632930453712e+00 2.418816696834601210e+00 8.789541945841179427e-01
3.490011184266481603e+00 2.498598465065864360e+00 9.008339192995453715e-01
3.590813485453264953e+00 2.541635677827710271e+00 8.857701639824671069e-01
3.694527268405596310e+00 2.622430948158347874e+00 8.649275877715769667e-01
3.801236625708379169e+00 2.618261948513727511e+00 8.506467749733684913e-01
3.911028078800074859e+00 2.681430725606052334e+00 8.754289401438861695e-01
4.023990648125488789e+00 2.701525927524614623e+00 8.786665664090091976e-01
4.140215925314793211e+00 2.716239905995048609e+00 8.691544942810054408e-01
4.259798147447302341e+00 2.803549118309446087e+00 8.602505235543239648e-01
4.382834273460213481e+00 2.854223114022978791e+00 8.622273199342320726e-01
4.509424062764269436e+00 2.900224351113550370e+00 9.068003028850533109e-01
4.639670156130079270e+00 2.905744539644222080e+00 9.163367738708041443e-01
4.773678158910692026e+00 2.943770993516383605e+00 9.131510143756065290e-01
4.911556726667895667e+00 2.964439902294760287e+00 9.464068978662985021e-01
5.053417653271659482e+00 2.970323772888510128e+00 8.735374992880425848e-01
5.199375961544175695e+00 3.069662046519873400e+00 9.099465022900945499e-01
5.349549996521961504e+00 3.068062465618040857e+00 9.072696774131991937e-01
5.504061521411672153e+00 3.061214074235354410e+00 8.618623438841603868e-01
5.663035816317416149e+00 3.022655608734419630e+00 8.580030965251612685e-01
5.826601779819605476e+00 3.048811676508821122e+00 8.467440890007725818e-01
5.994892033487737137e+00 3.197821412787350326e+00 8.663525602880881582e-01
6.168043029411804490e+00 3.178804595410682055e+00 7.865161865316114831e-01
6.346195160839568139e+00 3.299470758411391813e+00 9.531223992297117587e-01
6.529492876009357794e+00 3.302784343595012384e+00 9.551428152813510319e-01
6.718084795270724108e+00 3.436161646598256958e+00 1.051626813288376816e+00
6.912123831587896561e+00 3.411318970580579091e+00 1.173044430146099160e+00
7.111767314523755878e+00 3.353586386172976219e+00 1.260145823165113255e+00
7.317177117804835262e+00 3.404704041956993610e+00 1.495614507130443194e+00
7.528519790570801895e+00 3.476855948433382526e+00 1.581535351340112694e+00
7.745966692414835819e+00 3.597494445564663135e+00 1.736483182969687178e+00
7.969694132324372404e+00 3.761919351226668429e+00 1.762160794977863265e+00
8.199883511634899591e+00 4.095662510772783094e+00 1.939957723694600178e+00
8.436721471112695880e+00 4.345670759242664438e+00 2.032500186373721540e+00
8.680400042285768336e+00 4.568793924368559800e+00 2.026457690620870000e+00
8.931116803145709326e+00 4.826392327090378132e+00 2.114310746112571859e+00
9.189075038346679491e+00 5.036463584664248927e+00 2.118181638876041717e+00
9.454483904031462771e+00 5.285836877723023797e+00 2.154995364838497629e+00
9.727558597418177300e+00 5.502297865132760535e+00 2.130885242367333898e+00
1.000852053128518904e+01 5.649667131992872626e+00 2.126270209993589511e+00
1.029759751349570784e+01 5.815774471491377717e+00 2.087850152808995219e+00
1.059502393170755319e+01 5.883203733487263776e+00 1.988018722424149676e+00
1.090104094341796959e+01 5.950231103255303466e+00 1.886980190548078973e+00
1.121589667149748415e+01 5.990318752321432072e+00 1.782094777897724747e+00
1.153984640537140471e+01 6.003036214556598971e+00 1.656076832536600207e+00
1.187315280801204587e+01 6.033405258372894764e+00 1.542559894028166845e+00
1.221608612890954859e+01 6.085587207408066135e+00 1.446255708605363122e+00
1.256892442319393588e+01 6.073809372177963795e+00 1.347516336994333486e+00
1.293195377708610749e+01 6.061197870897205853e+00 1.271412077494128656e+00
1.330546853986053435e+01 6.059917286304335349e+00 1.216811869913791533e+00
1.368977156250776872e+01 6.040545543692461550e+00 1.173199013539208302e+00
1.408517444329028478e+01 6.037067477883420352e+00 1.141467393811445019e+00
1.449199778039066189e+01 6.031317676968384944e+00 1.101750059863468412e+00
1.491057143185710032e+01 6.031336835974923538e+00 1.083967061588770875e+00
1.534123478305693489e+01 6.028126970376637139e+00 1.059373925131673833e+00
1.578433702185502696e+01 6.024899079087056464e+00 1.047342498946219891e+00
1.624023742174017215e+01 6.018372523536973162e+00 1.013512666482617286e+00
1.670930563312906614e+01 6.018388215340293002e+00 1.017489067376871503e+00
1.719192198308403263e+01 6.012857318679184715e+00 1.005977238425078024e+00
1.768847778368750312e+01 6.010616012150041598e+00 1.000412165219375815e+00
1.819937564932335405e+01 6.017026188428472366e+00 9.855542713247809061e-01
1.872502982312223807e+01 6.027283874020066712e+00 9.780371017743754170e-01
1.926586651283576401e+01 6.028173076819365761e+00 9.693050272539954770e-01
1.982232423641162811e+01 5.992384969722707844e+00 9.312401533955323440e-01
2.039485417755014041e+01 5.997303154696391303e+00 9.158078246639025366e-01
2.098392055153026092e+01 5.975826477429361461e+00 8.959732417915291514e-01
2.159000098160185033e+01 5.964799715946682568e+00 9.279896569322687583e-01
2.221358688624925293e+01 6.002795377215695893e+00 1.058479973106212002e+00
2.285518387764030024e+01 6.180694474170054242e+00 1.359379617789646000e+00
2.351531217158369813e+01 6.297418019728446836e+00 1.586053831383230417e+00
2.419450700932729248e+01 6.405464242409330211e+00 1.732782968339519059e+00
2.489331909153914069e+01 6.522786808512815782e+00 1.888377986489296889e+00
2.561231502482335642e+01 6.925616187212529695e+00 2.164397100956561459e+00
2.635207778113258570e+01 7.158735075984541396e+00 2.297282073066789110e+00
2.711320717044987916e+01 7.550601487326173533e+00 2.586334830460329748e+00
2.789632032712297516e+01 7.868365874237785107e+00 2.616030512375748351e+00
2.870205221024547981e+01 8.169306027577395213e+00 2.616374080022490833e+00
2.953105611849055379e+01 8.443446523729900122e+00 2.437160902775162175e+00
3.038400421981462785e+01 8.378651096569596390e+00 2.369453820787010834e+00
3.126158809646056369e+01 9.154101337021295137e+00 2.389131476782729635e+00
3.216451930570219986e+01 9.312541475728433937e+00 2.297133457402432910e+00
3.309352995678495546e+01 9.445484826611371787e+00 2.207467401798334894e+00
3.404937330453019229e+01 9.491712382750145949e+00 2.142472797830627051e+00
3.503282436008485945e+01 9.465220079520475949e+00 2.067485876337505246e+00
3.604468051931122830e+01 9.760573903181533950e+00 1.969837550893260181e+00
3.708576220932668122e+01 9.959842759680832103e+00 1.861577946503579550e+00
3.815691355371748017e+01 1.028661060468972366e+01 1.737839200069446699e+00
3.925900305696595893e+01 1.047996903418542658e+01 1.692733473201395888e+00
4.039292430864609429e+01 1.076297216710701399e+01 1.377190405780213789e+00
4.155959670795843408e+01 1.095106993170840326e+01 1.236996508510034509e+00
4.275996620919181623e+01 1.129634578153922675e+01 1.002568339372734929e+00
